MS ctyport -31 70 83 55
MR ctyport 0 0 0 0 0 0 0 0 0 0 0 0 0 0 0 0 0 0 0 0 0 0 0 0 0 0 0 0 0 0 0 0 0 0 0 0 0 0 0 0 0 0 0 0 0 0 0 0 0 0 0 0 0 0 0 0 0 0 0 0 0 0 0 0 0 0 0 0 0 0 0 0 0 0 0 0 0 0 0 0 0 0 0 0
MR ctyport 1 0 0 0 0 0 0 0 0 0 0 0 0 0 0 0 0 0 0 0 0 0 0 0 0 0 0 0 0 0 0 0 0 0 0 0 0 0 0 0 0 0 0 0 0 0 0 0 0 0 0 0 0 0 0 0 0 0 0 0 0 0 0 0 0 0 0 0 0 0 0 0 0 0 0 0 0 0 0 0 0 0 0 0
MR ctyport 2 0 0 0 0 0 0 0 0 0 0 0 0 0 0 0 0 0 0 0 0 0 0 0 0 0 0 0 0 0 0 0 0 0 0 0 0 0 0 0 0 68 68 68 68 68 68 0 0 0 0 0 0 0 0 0 0 0 0 0 0 0 0 0 0 0 0 0 0 0 0 0 0 0 0 0 0 0 0 0 0 0 0 0
MR ctyport 3 0 0 0 0 0 0 0 0 0 0 0 0 0 0 0 0 0 0 0 0 0 0 0 0 0 0 0 0 0 0 0 0 0 0 0 0 0 0 0 0 68 68 68 68 68 68 0 0 0 0 0 0 0 0 0 0 0 0 0 0 0 0 0 0 0 0 0 0 0 0 0 0 0 0 0 0 0 0 0 0 0 0 0
MR ctyport 4 0 0 68 68 0 0 0 0 0 0 0 0 0 0 0 0 0 0 0 0 0 0 0 0 0 0 0 0 0 0 0 0 0 0 0 0 0 0 0 0 68 68 68 68 68 68 0 0 0 0 0 0 0 0 0 0 0 0 0 0 0 0 0 0 0 0 0 0 0 0 0 0 0 0 0 0 0 0 0 0 0 0 0
MR ctyport 5 0 0 0 68 68 68 68 68 68 68 68 0 0 0 0 0 0 0 0 0 0 0 0 0 0 0 0 0 0 0 0 0 0 0 0 0 0 0 0 0 68 68 68 68 68 68 0 0 0 0 0 0 0 0 0 0 0 0 0 0 0 0 0 0 0 0 0 0 0 0 0 0 0 0 0 0 68 68 68 68 0 0 0
MR ctyport 6 0 0 0 68 68 68 68 68 68 68 68 0 0 0 0 0 0 0 0 0 0 0 0 0 0 0 0 0 0 0 0 0 0 0 0 0 0 0 0 0 68 68 68 68 68 68 0 0 0 0 0 0 0 0 0 0 0 0 0 0 0 0 0 0 0 0 0 0 0 0 0 0 0 0 0 0 0 0 0 68 0 0 0
MR ctyport 7 0 0 0 0 68 68 68 68 68 68 68 0 0 0 0 0 0 0 0 0 0 0 0 0 0 0 0 0 0 0 0 0 0 0 0 0 0 0 0 0 68 68 68 68 68 68 0 0 0 0 0 0 0 0 0 0 0 0 0 0 0 0 0 0 0 0 0 0 0 0 0 0 0 0 0 0 0 0 68 76 0 0 0
MR ctyport 8 0 0 0 0 68 68 74 68 68 68 68 0 0 0 0 0 0 0 0 0 0 0 0 0 0 0 0 0 0 0 0 0 0 0 0 0 0 0 0 0 68 68 68 68 68 68 0 0 0 0 0 0 0 0 0 0 0 0 0 0 0 0 0 0 0 0 0 0 0 0 0 0 0 0 0 0 0 68 68 76 0 0 0
MR ctyport 9 0 0 0 0 0 0 68 68 68 68 68 0 0 0 0 0 0 0 0 0 0 0 0 0 0 0 0 0 0 0 0 69 69 69 69 69 0 0 0 0 68 68 68 68 68 68 0 0 0 0 69 69 69 69 69 0 0 0 0 0 0 0 0 0 0 0 0 0 0 0 0 0 0 0 0 0 0 68 68 68 0 0 0
MR ctyport 10 0 0 0 0 0 0 68 68 68 68 68 0 0 0 0 0 0 0 0 0 0 0 0 0 0 0 0 0 0 69 69 69 69 69 69 69 0 0 0 0 68 68 68 68 68 68 0 0 0 0 69 69 69 69 69 69 89 0 0 0 0 0 0 0 0 0 0 0 0 0 0 0 0 0 0 0 0 68 68 68 0 0 0
MR ctyport 11 0 0 0 0 0 0 68 68 68 68 68 0 0 0 0 0 0 0 0 0 0 0 0 0 0 0 0 69 69 69 69 69 69 69 69 69 69 0 0 0 68 68 68 68 68 68 0 0 0 69 69 69 69 69 69 69 69 69 69 0 0 0 0 0 0 0 0 0 0 0 0 0 0 0 0 68 68 68 68 68 0 0 0
MR ctyport 12 0 0 0 0 0 0 68 68 68 68 68 0 0 0 0 0 0 0 0 0 0 0 0 0 0 0 69 69 69 69 69 69 69 69 69 69 69 0 0 71 69 69 69 69 69 69 71 0 0 69 69 69 69 69 69 69 69 69 69 69 0 0 0 0 0 0 0 0 0 0 0 0 0 0 0 68 68 68 68 68 0 0 0
MR ctyport 13 0 0 0 0 0 0 68 68 68 68 68 0 0 0 0 0 0 0 0 0 0 0 0 0 69 69 80 69 69 69 69 69 0 0 69 69 69 75 68 68 69 69 69 69 69 69 68 74 76 69 69 69 0 0 69 69 69 69 69 69 69 69 0 0 0 0 0 0 0 0 0 0 0 0 0 68 68 68 68 68 0 0 0
MR ctyport 14 0 0 0 0 0 0 68 68 68 68 69 69 0 0 0 0 0 0 0 0 0 0 0 69 69 69 69 69 69 69 0 0 0 0 69 69 69 68 68 68 69 69 69 69 69 69 68 68 68 69 69 70 69 0 0 0 69 69 69 69 69 69 69 0 0 0 0 0 0 0 0 0 0 69 69 69 68 68 68 68 0 0 0
MR ctyport 15 0 0 0 0 0 0 68 68 68 68 69 69 69 69 0 0 0 0 0 0 0 0 69 69 69 69 69 69 70 0 0 0 0 0 69 69 69 68 68 68 69 69 69 69 69 69 68 68 68 69 69 69 0 0 68 0 0 0 69 69 69 69 69 69 0 0 0 0 0 0 0 0 69 69 69 69 68 68 68 68 0 0 0
MR ctyport 16 0 0 0 0 0 0 68 68 68 69 69 69 69 69 69 0 0 0 0 0 0 69 69 69 69 69 69 0 0 0 0 0 0 0 0 69 69 67 66 69 69 0 69 69 69 69 69 66 67 69 69 0 0 0 0 0 0 0 0 69 69 69 69 69 69 0 0 0 0 0 69 69 69 69 69 69 69 68 68 68 0 0 0
MR ctyport 17 0 0 0 0 0 0 68 68 69 69 69 69 69 69 69 69 69 0 0 0 69 69 69 69 69 65 0 0 0 0 0 0 0 0 0 69 0 0 0 0 0 0 0 0 0 0 0 0 0 0 69 0 0 0 0 0 0 0 0 0 65 69 69 69 69 69 0 0 0 69 69 69 69 69 69 69 69 69 68 68 0 0 0
MR ctyport 18 0 0 0 0 0 0 68 68 69 80 69 69 69 69 69 69 69 69 69 69 69 69 69 69 91 0 0 0 0 0 0 0 0 0 0 0 0 0 0 0 0 0 0 0 0 0 0 0 0 0 0 0 0 0 0 0 0 0 0 0 0 70 69 69 69 69 69 69 69 69 69 69 69 69 69 69 84 69 68 68 0 0 0
MR ctyport 19 0 0 0 0 0 0 0 0 69 85 69 69 69 69 69 69 69 69 69 69 69 69 69 70 0 85 0 79 0 0 0 0 0 0 0 0 0 0 0 0 0 0 0 0 0 0 0 0 0 0 0 0 0 0 0 0 68 0 0 0 0 0 70 69 69 69 69 69 69 69 69 69 69 69 69 69 70 70 0 0 0 0 0
MR ctyport 20 0 0 0 0 0 0 0 0 0 0 69 69 69 69 69 69 69 69 68 68 70 69 70 0 0 0 0 0 0 0 0 0 0 0 0 0 0 0 0 0 0 0 0 0 0 0 0 0 0 0 0 0 0 0 0 0 0 0 0 0 0 0 0 70 69 72 68 68 69 69 69 69 69 69 69 69 0 0 0 0 0 0 0
MR ctyport 21 0 0 0 0 0 0 0 0 0 0 0 69 69 69 69 69 69 68 68 68 68 69 0 0 78 0 0 0 0 0 0 0 0 0 0 0 0 0 0 0 0 0 0 0 0 0 0 0 0 0 0 0 0 0 0 0 0 0 0 0 78 77 0 0 67 68 68 68 68 69 69 69 69 69 0 0 0 0 0 0 0 0 0
MR ctyport 22 0 0 0 0 0 0 0 0 0 0 0 0 0 69 69 69 69 68 68 68 67 0 0 0 0 68 0 0 0 0 0 0 0 0 0 0 0 0 0 0 0 0 0 0 0 0 0 0 0 0 0 0 0 0 0 0 0 0 0 0 65 78 0 0 0 68 68 68 68 69 69 69 69 0 0 0 0 0 0 0 0 0 0
MR ctyport 23 0 0 0 0 0 0 0 0 0 0 0 0 0 0 69 69 68 68 68 68 68 0 0 0 0 73 0 0 0 0 0 0 0 0 0 0 0 0 0 0 0 0 0 0 0 0 0 0 0 0 0 0 0 0 0 0 0 0 0 79 0 0 0 0 0 68 68 68 68 68 69 0 0 0 0 0 0 0 0 0 0 0 0
MR ctyport 24 0 0 0 0 0 0 0 0 0 0 0 0 0 0 0 69 69 68 68 67 0 0 0 0 0 0 0 0 0 0 0 0 0 0 0 0 0 0 0 0 0 0 0 0 0 0 0 0 0 0 0 0 0 0 0 0 0 0 0 0 0 0 0 0 0 0 68 68 68 69 69 0 0 0 0 0 0 0 0 0 0 0 0
MR ctyport 25 0 0 0 0 0 0 0 0 0 0 0 0 0 0 0 69 69 69 68 67 0 0 0 0 0 0 0 0 0 0 0 0 0 0 0 0 0 0 0 0 0 0 0 0 0 0 0 0 0 0 0 0 0 0 0 0 0 0 0 0 0 0 0 0 0 0 0 69 69 69 69 0 0 0 0 0 0 0 0 0 0 0 0
MR ctyport 26 0 0 0 0 0 0 0 0 0 0 0 0 0 0 69 69 69 69 69 0 0 0 0 0 0 0 0 0 0 0 0 0 0 0 0 0 0 0 0 0 0 0 0 0 0 0 0 0 0 0 0 0 0 0 0 0 0 0 0 0 0 0 0 0 0 68 79 70 69 69 69 69 0 0 0 0 0 0 0 0 0 0 0
MR ctyport 27 0 0 0 0 0 0 0 0 0 0 0 0 0 0 69 69 69 69 70 0 0 0 0 0 0 0 0 0 0 0 0 0 0 0 0 0 0 0 0 0 0 0 0 0 0 0 0 0 0 0 0 0 0 0 0 0 0 0 0 0 0 0 0 0 0 0 0 0 69 69 69 69 0 0 0 0 0 0 0 0 0 0 0
MR ctyport 28 0 0 0 0 0 0 0 0 0 0 0 0 0 0 69 69 69 69 0 0 0 0 0 0 0 0 0 0 0 0 0 0 0 0 0 0 0 0 0 0 0 0 0 0 0 0 0 0 0 0 0 0 0 0 0 0 0 0 0 0 0 0 0 0 0 0 70 0 68 69 69 69 0 0 0 0 0 0 0 0 0 0 0
MR ctyport 29 0 0 0 0 0 0 0 0 0 0 0 0 0 0 69 69 69 70 0 0 0 0 0 0 0 0 0 0 0 0 0 0 0 0 0 0 0 0 0 0 0 0 0 0 0 0 0 0 0 0 0 0 0 0 0 0 0 0 0 0 0 0 0 0 0 0 0 0 70 69 69 69 69 0 0 0 0 0 0 0 0 0 0
MR ctyport 30 0 0 0 0 0 0 0 0 0 0 0 0 0 69 69 69 69 70 70 70 70 0 0 0 0 0 0 0 0 0 0 0 0 0 0 0 0 0 0 0 0 0 0 0 0 0 0 0 0 0 0 0 0 0 0 0 0 0 0 0 0 0 0 0 0 69 70 70 70 69 69 69 69 0 0 0 0 0 0 0 0 0 0
MR ctyport 31 0 0 0 0 0 0 0 0 0 0 0 0 0 69 69 69 69 70 70 70 70 70 70 70 0 0 0 0 0 0 0 0 0 0 0 0 0 0 0 0 0 0 0 0 0 0 0 0 0 0 0 0 0 0 0 0 0 0 0 0 0 0 70 70 70 70 70 70 70 69 69 69 69 0 0 0 0 0 0 0 0 0 0
MR ctyport 32 0 0 0 0 0 0 0 0 0 0 0 0 0 69 69 70 68 0 0 70 70 70 70 70 70 69 0 0 0 0 0 0 0 0 0 0 0 0 0 0 0 0 0 0 0 0 0 0 0 0 0 0 0 0 0 0 0 0 0 0 70 70 70 70 70 70 0 0 0 68 69 69 69 0 0 0 0 0 0 0 0 0 0
MR ctyport 33 0 0 0 0 0 0 0 0 0 0 0 0 0 68 68 69 68 0 0 0 0 0 68 70 70 70 70 70 0 0 0 0 0 0 0 0 0 0 0 0 0 0 0 0 0 0 0 0 0 0 0 0 0 0 0 0 0 0 70 70 70 70 70 0 0 0 0 0 0 67 69 68 68 0 0 0 0 0 0 0 0 0 0
MR ctyport 34 0 0 0 0 0 0 0 0 0 0 0 0 81 68 68 68 0 0 0 0 0 0 0 0 0 70 70 70 69 0 0 0 0 0 0 0 0 0 0 0 0 0 0 0 0 0 0 0 0 0 0 0 0 0 0 0 0 70 70 70 70 0 0 0 0 0 0 68 0 108 68 68 68 81 0 0 0 0 0 0 0 0 0
MR ctyport 35 0 0 0 0 0 0 0 0 0 0 0 0 68 68 68 68 109 0 0 0 0 0 0 0 0 0 0 70 70 70 70 70 69 69 69 68 70 0 0 0 0 0 0 0 0 0 0 0 0 70 68 69 69 69 70 70 70 70 70 0 0 0 0 0 0 0 0 0 0 0 68 68 68 68 0 0 0 0 0 0 0 0 0
MR ctyport 36 0 0 0 0 0 0 0 0 0 0 0 0 68 68 68 68 68 0 0 0 0 0 0 0 0 0 0 0 70 70 70 69 69 69 69 69 69 0 0 0 0 0 0 0 0 0 0 0 0 69 69 69 69 69 69 70 70 70 0 0 0 0 0 0 0 0 0 76 0 0 68 68 68 68 0 0 0 0 0 0 0 0 0
MR ctyport 37 0 0 0 0 0 0 0 0 0 0 0 0 68 68 68 68 0 0 0 0 0 0 0 0 0 0 0 0 0 0 69 69 69 69 69 69 69 69 0 0 0 0 0 0 0 0 0 0 69 69 69 69 69 69 69 69 0 0 0 0 0 0 0 0 0 0 67 63 68 0 68 68 68 68 0 0 0 0 0 0 0 0 0
MR ctyport 38 0 0 0 0 0 0 0 0 0 0 0 0 68 68 68 68 0 0 0 0 0 0 0 0 0 0 0 0 0 0 69 69 69 0 0 69 69 69 69 71 73 73 74 74 73 73 71 69 69 69 69 0 0 69 69 69 0 0 0 0 0 0 0 0 0 0 0 0 0 0 68 68 68 68 0 0 0 0 0 0 0 0 0
MR ctyport 39 0 0 0 0 0 0 0 0 0 0 0 0 68 68 68 68 0 0 0 0 0 0 0 0 0 0 0 0 0 0 69 69 69 0 0 69 69 69 70 71 73 74 74 74 74 73 71 70 69 69 69 0 0 69 69 69 0 0 0 0 0 0 0 0 0 0 0 0 0 66 68 68 68 68 0 0 0 0 0 0 0 0 0
MR ctyport 40 0 0 0 0 0 0 0 0 0 0 0 0 68 68 68 68 0 0 0 0 0 0 0 0 0 0 0 0 0 0 69 69 69 74 74 69 69 69 69 0 0 73 0 0 73 0 0 69 69 69 69 74 74 69 69 69 0 0 0 0 0 0 0 0 0 0 0 76 0 67 68 68 68 68 0 0 0 0 0 0 0 0 0
MR ctyport 41 0 0 0 0 0 0 0 0 0 0 0 0 0 68 68 68 67 0 0 0 0 0 0 0 0 0 0 0 0 0 70 69 69 69 69 69 69 69 0 0 0 0 0 0 0 0 0 0 70 69 69 69 69 69 69 69 0 0 0 0 0 0 0 0 0 0 65 76 0 58 68 68 68 0 0 0 0 0 0 0 0 0 0
MR ctyport 42 0 0 0 0 0 0 0 0 0 0 0 0 0 68 68 68 68 0 0 0 0 0 0 0 0 0 0 0 0 0 0 69 69 69 69 69 69 0 0 0 0 0 0 0 0 0 0 0 0 69 69 69 69 69 69 0 0 0 0 0 0 0 0 0 0 0 0 0 0 68 68 68 68 0 0 0 0 0 0 0 0 0 0
MR ctyport 43 0 0 0 0 0 0 0 0 0 0 0 0 0 68 68 68 67 0 0 0 0 0 0 0 0 0 0 0 0 0 0 0 68 68 69 0 0 0 0 0 0 0 0 0 0 0 0 0 0 0 0 68 69 68 0 0 0 0 0 0 0 0 0 0 0 0 0 0 0 68 68 68 68 0 0 0 0 0 0 0 0 0 0
MR ctyport 44 0 0 0 0 0 0 0 0 0 0 0 0 0 78 82 68 68 0 0 0 0 0 0 0 0 0 0 0 0 0 0 0 0 0 0 0 0 0 0 0 0 0 0 0 0 0 0 0 0 0 0 0 0 0 0 0 0 0 0 0 0 0 0 0 0 0 0 0 0 68 68 82 81 0 0 0 0 0 0 0 0 0 0
MR ctyport 45 0 0 0 0 0 0 0 0 0 0 0 0 0 68 68 68 68 0 0 0 0 0 0 0 0 0 0 0 0 0 0 0 0 0 0 0 0 0 0 0 0 0 0 0 0 0 0 0 0 0 0 0 0 0 0 0 0 0 0 0 0 0 0 0 0 0 0 0 67 68 68 68 68 0 0 0 0 0 0 0 0 0 0
MR ctyport 46 0 0 0 0 0 0 0 0 0 0 0 0 0 68 68 68 68 68 0 0 0 0 0 0 0 0 0 0 0 0 0 0 0 0 0 0 0 0 0 0 0 0 0 0 0 0 0 0 0 0 0 0 0 0 0 0 0 0 0 0 0 0 0 0 0 0 0 0 68 68 68 68 80 0 0 0 0 0 0 0 0 0 0
MR ctyport 47 0 0 0 0 0 0 0 0 0 0 0 0 0 0 74 68 68 67 0 0 0 0 0 0 0 0 0 0 0 0 0 0 0 0 0 0 0 0 0 0 0 0 0 0 0 0 0 0 0 0 0 0 0 0 0 0 0 0 0 0 0 0 0 0 0 0 0 0 67 68 68 76 0 0 0 0 0 0 0 0 0 0 0
MR ctyport 48 0 0 0 0 0 0 0 0 0 0 0 0 0 0 68 68 68 68 67 0 0 0 0 0 0 0 0 0 0 0 0 0 0 0 0 0 0 0 0 0 0 0 0 0 0 0 0 0 0 0 0 0 0 0 0 0 0 0 0 0 0 0 0 0 0 0 0 67 68 68 68 68 0 0 0 0 0 0 0 0 0 0 0
MR ctyport 49 0 0 0 0 0 0 0 0 0 0 0 0 0 0 68 68 68 68 67 0 0 0 0 0 0 0 0 0 0 0 0 0 0 0 0 0 0 0 0 0 0 0 0 0 0 0 0 0 0 0 0 0 0 0 0 0 0 0 0 0 0 0 0 0 0 0 0 68 68 68 68 0 0 0 0 0 0 0 0 0 0 0 0
MR ctyport 50 0 0 0 0 0 0 0 0 0 0 0 0 0 0 0 68 67 67 0 0 0 0 0 0 0 0 0 0 0 0 0 0 0 0 0 0 0 0 0 0 0 0 0 0 0 0 0 0 0 0 0 0 0 0 0 0 0 0 0 0 0 0 0 0 0 0 0 0 0 68 68 0 0 0 0 0 0 0 0 0 0 0 0
MR ctyport 51 0 0 0 0 0 0 0 0 0 0 0 0 0 0 68 0 0 0 0 0 0 0 0 0 0 0 0 0 0 0 0 0 0 0 0 0 0 0 0 0 0 0 0 0 0 0 0 0 0 0 0 0 0 0 0 0 0 0 0 0 0 0 0 0 0 0 0 0 0 0 0 67 0 0 0 0 0 0 0 0 0 0 0
MR ctyport 52 0 0 0 0 0 0 0 0 0 0 0 0 0 0 0 0 0 0 0 0 0 0 0 0 0 0 0 0 0 0 0 0 0 0 0 0 0 0 0 0 0 0 0 0 0 0 0 0 0 0 0 0 0 0 0 0 0 0 0 0 0 0 0 0 0 0 0 0 0 0 0 0 0 0 0 0 0 0 0 0 0 0 0
MR ctyport 53 0 0 0 0 0 0 0 0 0 0 0 0 0 0 0 0 0 0 0 0 0 0 0 0 0 0 0 0 0 0 0 0 0 0 0 0 0 0 0 0 0 0 0 0 0 0 0 0 0 0 0 0 0 0 0 0 0 0 0 0 0 0 0 0 0 0 0 0 0 0 0 0 0 0 0 0 0 0 0 0 0 0 0
MR ctyport 54 0 0 0 0 0 0 0 0 0 0 0 0 0 0 0 0 0 0 0 0 0 0 0 0 0 0 0 0 0 0 0 0 0 0 0 0 0 0 0 0 0 0 0 0 0 0 0 0 0 0 0 0 0 0 0 0 0 0 0 0 0 0 0 0 0 0 0 0 0 0 0 0 0 0 0 0 0 0 0 0 0 0 0
MSEND ctyport 1039
MS ctyinda 40 44 37 41
MR ctyinda 0 0 0 0 0 0 0 0 0 0 0 0 0 0 0 0 0 0 0 0 0 0 0 0 0 0 0 0 0 0 0 0 0 0 0 0 0 0
MR ctyinda 1 0 0 0 0 0 0 0 0 0 0 0 0 0 0 0 0 0 0 0 0 0 0 0 0 0 69 69 69 69 0 0 0 0 0 0 0 0
MR ctyinda 2 0 0 0 0 0 0 0 0 0 0 0 0 0 0 0 0 0 0 0 0 0 0 0 0 0 69 69 69 69 0 0 0 0 0 0 0 0
MR ctyinda 3 0 0 0 0 0 0 0 0 0 0 0 0 0 0 0 0 0 0 0 0 0 0 0 0 0 69 83 69 69 0 0 0 0 0 0 0 0
MR ctyinda 4 0 0 0 0 0 0 0 0 0 0 0 0 0 0 0 0 0 0 0 0 0 0 0 0 0 69 83 69 69 0 0 0 0 0 0 0 0
MR ctyinda 5 0 0 0 0 0 0 69 69 69 69 69 69 69 69 69 69 69 69 69 69 69 69 69 69 69 69 83 69 69 69 69 69 69 69 69 0 0
MR ctyinda 6 0 0 0 0 0 0 69 69 69 69 69 69 69 69 69 69 69 69 69 69 69 69 69 69 69 69 83 69 69 69 69 69 69 69 69 0 0
MR ctyinda 7 0 0 0 0 0 0 69 69 69 70 69 69 69 71 69 69 69 69 69 69 69 69 69 69 69 69 69 69 69 69 69 69 69 69 69 0 0
MR ctyinda 8 0 0 0 0 0 0 69 69 69 69 69 69 69 69 78 78 78 78 78 78 78 78 78 78 78 78 78 77 69 69 69 69 69 69 69 0 0
MR ctyinda 9 0 0 0 0 0 0 69 69 69 69 69 69 69 69 69 69 69 69 69 69 69 69 69 69 69 69 69 69 69 69 69 71 69 69 69 0 0
MR ctyinda 10 0 0 0 0 0 0 69 69 69 69 69 69 69 69 69 69 69 69 69 69 69 69 69 69 69 69 69 69 69 69 69 73 69 69 69 0 0
MR ctyinda 11 0 0 0 0 0 0 69 69 71 69 69 69 69 69 69 69 69 69 69 69 69 69 69 69 69 69 69 69 70 70 69 76 69 69 69 0 0
MR ctyinda 12 0 0 0 0 0 0 69 69 73 69 70 78 78 78 78 78 78 78 78 78 78 78 78 78 78 78 78 78 69 78 78 78 69 69 69 0 0
MR ctyinda 13 0 0 0 0 0 0 69 69 76 70 69 69 69 69 69 69 69 69 69 69 69 69 77 69 69 69 69 69 69 69 69 78 69 69 69 0 0
MR ctyinda 14 0 0 0 0 0 0 69 69 78 69 69 69 69 69 69 69 69 69 69 69 70 69 69 69 70 78 69 69 85 69 69 78 69 69 69 0 0
MR ctyinda 15 0 0 0 0 0 0 69 69 78 69 69 69 69 69 69 69 69 69 69 69 69 69 69 69 78 78 69 69 85 69 69 78 69 69 69 0 0
MR ctyinda 16 0 0 0 0 0 0 69 84 78 69 69 69 69 69 69 69 69 69 69 69 69 69 69 69 69 78 69 69 85 69 69 78 69 69 69 0 0
MR ctyinda 17 0 0 0 0 0 0 69 84 78 69 69 69 69 69 69 69 69 69 69 69 69 69 69 69 69 78 69 69 85 69 69 78 69 69 69 0 0
MR ctyinda 18 0 0 0 0 0 0 69 84 78 69 69 78 78 78 78 78 78 70 69 69 69 69 69 69 69 69 78 76 69 69 69 78 69 69 69 0 0
MR ctyinda 19 0 0 0 0 0 0 69 84 78 69 69 69 69 69 69 69 78 69 69 69 69 69 69 69 69 78 78 78 78 78 78 78 69 69 69 0 0
MR ctyinda 20 0 0 0 0 0 0 69 84 78 78 78 78 78 78 78 69 78 69 69 69 69 69 69 69 69 69 69 69 69 69 78 70 69 69 69 0 0
MR ctyinda 21 0 0 0 0 0 0 69 69 69 69 69 69 69 69 78 69 78 69 69 70 69 69 69 69 69 69 69 69 69 69 78 69 69 69 69 0 0
MR ctyinda 22 0 0 0 0 0 0 69 69 69 69 69 69 69 69 78 69 78 78 78 78 78 69 69 69 69 69 70 69 69 69 78 69 69 69 69 0 0
MR ctyinda 23 0 0 0 0 0 0 69 69 69 69 71 73 76 78 78 69 69 69 69 69 78 69 69 69 69 69 69 78 78 78 78 69 69 69 69 0 0
MR ctyinda 24 0 0 0 0 0 0 69 69 69 69 69 69 69 69 78 69 69 69 69 69 78 69 69 69 69 69 69 78 78 69 69 69 69 69 69 0 0
MR ctyinda 25 0 0 0 0 0 0 69 69 69 69 69 69 69 69 78 69 69 69 69 70 78 69 69 69 69 69 69 78 69 69 69 0 0 0 0 0 0
MR ctyinda 26 0 0 0 0 0 0 69 69 69 69 69 69 69 69 78 69 70 69 69 69 78 69 69 69 69 69 69 78 69 69 69 0 0 0 0 0 0
MR ctyinda 27 0 0 0 69 69 69 69 69 69 69 69 69 69 69 78 78 78 78 78 78 78 69 69 69 71 73 76 78 69 69 69 0 0 0 0 0 0
MR ctyinda 28 0 0 0 69 69 69 69 69 69 69 69 69 69 69 69 69 69 69 69 69 78 69 85 85 85 85 69 69 69 69 69 0 0 0 0 0 0
MR ctyinda 29 0 0 0 69 69 69 69 69 69 69 69 69 69 0 0 0 0 0 0 0 0 0 0 0 0 0 0 0 70 0 0 0 0 0 0 0 0
MR ctyinda 30 0 0 0 69 69 69 69 69 69 69 69 69 69 0 0 0 0 0 0 0 0 0 0 0 0 0 0 0 0 0 0 0 0 0 0 0 0
MR ctyinda 31 0 0 0 0 68 68 68 68 68 69 69 69 69 0 0 0 0 0 0 0 0 0 0 0 0 0 0 0 0 0 0 0 0 0 0 0 0
MR ctyinda 32 0 0 0 0 68 68 68 68 68 69 69 69 69 0 0 0 0 0 0 0 0 0 0 0 0 0 0 0 0 0 0 0 0 0 0 0 0
MR ctyinda 33 0 0 0 0 68 68 68 68 68 0 0 0 0 0 0 0 0 0 0 0 0 0 0 0 0 0 0 0 0 0 0 0 0 0 0 0 0
MR ctyinda 34 0 0 68 68 68 68 68 68 68 0 0 0 0 0 0 0 0 0 0 0 0 0 0 0 0 0 0 0 0 0 0 0 0 0 0 0 0
MR ctyinda 35 0 0 68 68 68 68 68 0 0 0 0 0 0 0 0 0 0 0 0 0 0 0 0 0 0 0 0 0 0 0 0 0 0 0 0 0 0
MR ctyinda 36 0 0 68 68 68 68 68 0 0 0 0 0 0 0 0 0 0 0 0 0 0 0 0 0 0 0 0 0 0 0 0 0 0 0 0 0 0
MR ctyinda 37 0 0 68 68 68 68 68 0 0 0 0 0 0 0 0 0 0 0 0 0 0 0 0 0 0 0 0 0 0 0 0 0 0 0 0 0 0
MR ctyinda 38 0 0 0 0 85 0 0 0 0 0 0 0 0 0 0 0 0 0 0 0 0 0 0 0 0 0 0 0 0 0 0 0 0 0 0 0 0
MR ctyinda 39 0 0 0 0 85 0 0 0 0 0 0 0 0 0 0 0 0 0 0 0 0 0 0 0 0 0 0 0 0 0 0 0 0 0 0 0 0
MR ctyinda 40 0 0 0 0 0 0 0 0 0 0 0 0 0 0 0 0 0 0 0 0 0 0 0 0 0 0 0 0 0 0 0 0 0 0 0 0 0
MSEND ctyinda 770
MS ctyindb -16 -1 93 54
MR ctyindb 0 0 0 0 0 0 0 0 0 0 0 0 0 0 0 0 0 0 0 0 0 0 0 0 0 0 0 0 0 0 0 0 0 0 0 0 0 0 0 0 0 0 0 0 0 0 0 0 0 0 0 0 0 0 0 0 0 0 0 0 0 0 0 0 0 0 0 0 0 0 0 0 0 0 0 0 0 0 0 0 0 0 0 0 0 0 0 0 0 0 0 0 0 0
MR ctyindb 1 0 0 0 0 0 0 0 0 0 0 0 0 0 0 0 0 0 0 0 0 0 0 0 0 0 0 0 0 0 0 0 0 0 0 0 0 0 0 0 0 0 0 0 0 0 0 0 0 0 0 0 0 0 0 0 0 0 0 0 0 0 0 0 0 0 0 0 0 0 0 0 0 0 0 0 0 0 0 0 0 0 0 0 0 0 0 0 0 0 0 0 0 0
MR ctyindb 2 0 0 0 0 0 0 0 0 0 0 0 0 0 0 0 0 0 0 0 0 0 0 0 0 0 0 0 0 0 0 0 0 0 0 0 0 0 0 0 0 0 0 0 0 0 0 0 0 0 0 0 0 0 0 0 0 0 0 0 0 0 0 0 0 0 0 0 0 0 0 0 0 0 0 0 0 0 0 0 0 0 0 0 0 0 0 0 0 0 0 0 0 0
MR ctyindb 3 0 0 0 0 0 0 0 0 0 0 0 0 0 0 0 0 0 0 0 0 0 0 0 0 0 0 0 0 0 0 0 0 0 0 0 0 0 0 0 0 0 0 0 0 0 0 0 0 0 0 0 0 0 0 0 0 0 0 0 0 0 0 0 0 0 0 0 0 0 0 0 0 0 0 0 0 0 0 0 0 0 0 0 0 0 0 0 0 0 0 0 0 0
MR ctyindb 4 0 0 0 0 0 0 0 0 0 0 0 0 0 0 0 0 0 0 0 0 0 0 0 0 0 0 0 0 0 0 0 0 0 0 0 0 0 0 0 0 0 0 0 0 0 0 0 0 0 0 0 0 0 0 0 0 0 0 0 0 0 0 0 0 0 0 0 0 0 0 0 0 0 0 0 0 0 0 0 0 0 0 0 0 0 0 0 0 0 0 0 0 0
MR ctyindb 5 0 0 0 0 0 0 0 0 0 0 0 0 0 0 0 0 0 0 0 0 0 0 0 0 0 0 0 0 0 0 0 0 0 0 0 0 0 0 0 0 0 0 0 0 0 0 0 0 0 0 0 0 0 0 0 0 0 0 0 0 0 0 0 0 0 0 0 0 0 0 0 0 0 0 0 0 0 0 0 0 0 0 0 0 0 0 0 0 0 0 0 0 0
MR ctyindb 6 0 0 0 0 0 0 0 0 0 0 0 0 0 0 0 0 0 0 0 0 0 0 0 0 0 0 0 0 0 0 0 0 0 0 0 0 0 0 0 0 0 0 0 0 0 0 0 0 0 0 0 0 0 0 0 0 0 0 0 0 0 0 0 0 0 0 0 0 0 0 0 0 0 0 0 0 0 0 0 0 0 0 0 0 0 0 0 0 0 0 0 0 0
MR ctyindb 7 0 0 0 0 0 0 0 0 0 0 0 0 0 0 0 0 0 0 0 0 0 0 0 0 0 0 0 0 0 0 0 0 0 0 0 0 0 0 0 0 0 0 0 0 0 0 0 0 0 0 0 0 0 0 0 0 0 0 0 0 0 0 0 0 0 0 0 0 0 0 0 0 0 0 0 0 0 0 0 0 0 0 0 0 0 0 0 0 0 0 0 0 0
MR ctyindb 8 0 0 0 0 0 0 0 0 0 0 0 0 0 0 0 0 0 0 0 0 0 0 0 0 0 0 0 0 0 0 0 0 0 0 0 0 0 0 0 0 0 0 0 0 0 0 0 0 0 0 0 0 0 0 0 0 0 0 0 0 0 0 0 0 0 0 0 0 0 0 0 0 0 0 0 0 0 0 0 0 0 0 0 0 0 0 0 0 0 0 0 0 0
MR ctyindb 9 0 0 0 0 0 0 0 0 0 0 0 0 0 0 0 0 0 0 0 0 0 0 0 0 0 0 0 0 0 0 0 0 0 0 0 0 0 0 0 0 0 0 0 0 0 0 0 0 0 0 0 0 0 0 0 0 0 0 0 0 0 0 0 0 0 0 0 0 0 0 0 0 0 0 0 0 0 0 0 0 0 0 0 0 0 0 0 0 0 0 0 0 0
MR ctyindb 10 0 0 0 0 0 0 0 0 0 0 0 0 0 0 0 0 0 0 0 0 0 0 0 0 0 0 0 0 0 0 0 0 0 0 0 0 0 0 0 0 0 0 0 0 0 0 0 0 0 0 0 0 0 0 0 0 0 0 0 0 0 0 0 0 0 0 0 0 0 0 0 0 0 0 0 0 0 0 0 0 0 0 0 0 0 0 0 0 0 0 0 0 0
MR ctyindb 11 0 0 0 0 0 0 0 0 0 0 0 0 0 0 0 0 0 0 0 0 0 0 0 0 0 0 0 0 0 0 0 0 0 0 0 0 0 0 0 0 0 0 0 0 0 0 0 0 0 0 0 0 0 0 0 0 0 0 0 0 0 0 0 0 0 0 0 0 0 0 0 0 0 0 0 0 0 0 0 0 0 0 0 0 0 0 0 0 0 0 0 0 0
MR ctyindb 12 0 0 0 0 0 0 0 0 0 0 0 0 0 0 0 0 0 0 0 0 0 0 0 0 0 0 0 0 0 0 0 0 0 0 0 0 0 0 0 0 0 0 0 0 0 0 0 0 0 0 0 0 0 0 0 0 0 0 0 0 0 0 0 0 0 0 0 0 0 0 0 0 0 0 0 0 0 0 0 0 0 0 0 0 0 0 0 0 0 0 0 0 0
MR ctyindb 13 0 0 0 0 0 0 0 0 0 0 0 0 0 0 0 0 0 0 0 0 0 0 0 0 0 0 0 0 0 0 0 0 0 0 0 0 0 0 0 0 0 0 0 0 0 0 0 0 0 0 0 0 0 0 0 0 0 0 0 0 0 0 0 0 0 0 0 0 0 0 0 0 0 0 0 0 0 0 0 0 0 0 0 0 0 0 0 0 0 0 0 0 0
MR ctyindb 14 0 0 0 0 0 0 0 0 0 0 0 0 0 0 0 0 0 0 0 0 0 0 0 0 0 0 0 0 0 0 0 0 0 0 0 0 0 0 0 0 0 0 0 0 0 0 0 0 0 0 0 0 0 0 0 0 0 0 0 0 0 0 0 0 0 0 0 0 0 0 0 0 0 0 0 0 0 0 0 0 0 0 0 0 0 0 0 0 0 0 0 0 0
MR ctyindb 15 0 0 0 0 0 0 0 0 0 0 0 0 0 0 0 0 0 0 0 0 0 0 0 0 0 0 0 0 0 0 0 0 0 0 0 0 0 0 0 0 0 0 0 0 0 0 0 0 0 0 0 0 0 0 0 0 0 0 0 0 0 0 0 0 0 0 0 0 0 0 0 0 0 0 0 0 0 0 0 0 0 0 0 0 0 0 0 0 0 0 0 0 0
MR ctyindb 16 0 0 0 0 0 0 0 0 0 0 0 0 0 0 0 0 0 0 0 0 0 0 0 0 0 0 0 0 0 0 0 0 0 0 0 0 0 0 0 0 0 0 0 0 0 0 0 0 0 0 0 0 0 0 0 0 0 0 0 0 0 0 0 0 0 0 0 0 0 0 0 0 0 0 0 0 0 0 0 0 0 0 0 0 0 0 0 0 0 0 0 0 0
MR ctyindb 17 0 0 0 0 0 0 0 0 0 0 0 0 0 0 0 0 0 0 0 0 0 0 0 0 0 0 0 0 0 0 0 0 0 0 0 0 0 0 0 0 0 0 0 0 0 0 0 0 0 0 0 0 0 0 0 0 0 0 0 0 0 0 0 0 0 0 0 0 0 0 0 0 0 0 0 0 0 0 0 0 0 0 0 0 0 0 0 0 0 0 0 0 0
MR ctyindb 18 0 0 0 0 0 0 0 0 0 0 0 0 0 0 0 0 0 0 0 0 0 0 0 0 0 0 0 0 0 0 0 0 0 0 0 0 0 0 0 0 0 0 0 0 0 0 0 0 0 0 0 0 0 0 0 0 0 0 0 0 0 0 0 0 0 0 0 0 0 0 0 0 0 0 0 0 0 0 0 0 0 0 0 0 0 0 0 0 0 0 0 0 0
MR ctyindb 19 0 0 0 0 0 0 0 0 0 0 0 0 0 0 0 0 0 0 0 0 0 0 0 0 0 0 0 0 0 0 0 0 0 0 0 0 0 0 0 0 0 0 0 0 0 0 0 0 0 0 0 0 0 0 0 0 0 0 0 0 0 0 0 0 0 0 0 0 0 0 0 0 0 0 0 0 0 0 0 0 0 0 0 0 0 0 0 0 0 0 0 0 0
MR ctyindb 20 0 0 0 0 0 0 0 0 0 0 0 0 0 0 0 0 0 0 0 0 0 0 0 0 0 0 0 0 0 0 0 0 0 0 0 0 0 0 0 0 0 0 0 0 0 0 0 0 0 0 0 0 0 0 0 0 0 0 0 0 0 0 0 0 0 0 0 0 0 0 0 0 0 0 0 0 0 0 0 0 0 0 0 0 0 0 0 0 0 0 0 0 0
MR ctyindb 21 0 0 0 0 0 0 0 0 0 0 0 0 0 0 0 0 0 0 0 0 0 0 0 0 0 0 0 0 0 0 0 0 0 0 0 0 0 0 0 0 0 0 0 0 0 0 0 0 0 0 0 0 0 0 0 0 0 0 0 0 0 0 0 0 0 0 0 0 0 0 0 0 0 0 0 0 0 0 0 0 0 0 0 0 0 0 0 0 0 0 0 0 0
MR ctyindb 22 0 0 0 0 0 0 0 0 0 0 0 0 0 0 0 0 0 0 0 0 0 0 0 0 0 0 0 0 0 0 0 0 0 0 0 0 0 0 0 0 0 0 0 0 0 0 0 0 0 0 0 0 0 0 0 0 0 0 0 0 0 0 0 0 0 0 0 0 0 0 0 0 0 0 0 0 0 0 0 0 0 0 0 0 0 70 0 0 0 0 0 0 0
MR ctyindb 23 0 0 0 0 0 0 0 0 0 0 0 0 0 0 0 0 0 0 0 0 0 0 0 0 0 0 0 0 0 0 0 0 0 0 0 0 0 0 0 0 0 0 0 0 0 0 0 0 0 0 0 0 0 0 0 0 0 0 0 0 0 0 0 0 0 0 0 0 0 0 0 0 0 0 0 0 0 0 0 0 0 0 0 70 70 70 0 0 0 0 0 0 0
MR ctyindb 24 0 0 0 0 0 0 0 0 0 0 0 0 0 0 0 0 0 0 0 0 0 0 0 0 0 0 0 0 0 0 0 0 0 0 0 0 0 0 0 0 0 0 0 0 0 0 0 0 0 0 0 0 0 0 0 0 0 0 0 0 0 0 0 0 0 0 0 0 0 0 0 0 0 0 0 0 0 0 0 0 0 0 0 0 70 70 0 0 0 0 0 0 0
MR ctyindb 25 0 0 0 0 0 0 0 0 0 0 0 0 0 0 0 0 0 0 0 0 0 0 0 0 0 0 0 0 0 0 0 0 0 0 0 0 0 0 0 0 0 0 0 0 0 0 0 0 0 0 0 0 0 0 0 0 0 0 0 0 0 0 0 0 0 0 0 70 70 0 69 69 88 88 88 88 70 70 70 70 69 69 69 69 69 69 69 69 69 69 69 0 0
MR ctyindb 26 0 0 0 0 0 0 0 0 0 0 0 0 0 0 0 0 0 0 0 0 0 0 0 0 0 0 0 0 0 0 0 0 0 0 0 0 0 0 0 0 0 0 0 0 0 0 0 0 0 0 0 0 0 0 0 0 0 0 0 0 0 0 69 69 69 69 69 69 69 69 69 78 78 78 78 78 78 78 78 78 78 78 69 69 69 69 70 69 69 69 69 0 0
MR ctyindb 27 0 0 0 0 0 0 0 0 0 0 0 0 0 0 0 0 0 0 0 0 0 0 0 0 0 0 0 0 0 0 0 0 0 0 0 0 0 0 0 0 0 0 0 0 0 0 0 0 0 0 0 0 0 0 0 0 0 0 0 0 0 0 69 69 69 69 69 69 69 69 69 78 69 69 69 69 69 69 69 69 69 69 78 78 78 78 78 69 69 69 69 0 0
MR ctyindb 28 0 0 0 0 0 0 0 0 0 0 0 0 0 0 0 0 0 0 0 0 0 0 0 0 0 0 0 0 0 0 0 0 0 0 0 0 0 0 0 0 0 0 0 0 0 0 0 0 0 0 0 0 0 0 0 0 0 0 0 0 0 0 69 69 69 69 69 69 69 69 69 78 70 70 69 69 70 69 69 69 69 69 69 69 70 69 69 69 69 69 69 0 0
MR ctyindb 29 0 0 0 0 0 0 0 0 0 0 0 0 0 0 0 0 0 0 0 0 0 0 0 0 0 0 0 0 0 0 0 0 0 0 0 0 0 0 0 0 0 0 0 0 0 0 0 0 0 0 0 0 0 0 0 0 0 0 0 0 0 0 69 69 69 69 69 69 69 69 69 78 69 69 69 69 78 78 78 78 78 78 78 78 69 69 69 69 69 69 69 0 0
MR ctyindb 30 0 0 0 0 0 0 0 0 0 0 0 0 0 0 0 0 0 0 0 0 0 0 0 0 0 0 0 0 0 0 0 0 0 0 0 0 0 0 0 0 0 0 0 0 0 0 0 0 0 0 0 0 0 0 0 0 0 0 0 0 0 0 69 69 69 69 69 69 74 69 69 78 69 69 69 69 69 69 69 69 69 69 69 69 69 69 69 69 69 69 69 0 0
MR ctyindb 31 0 0 0 0 0 0 0 0 0 0 0 0 0 0 0 0 0 0 0 0 0 0 0 0 0 0 0 0 0 0 0 0 0 0 0 0 0 0 0 0 0 0 0 0 0 0 0 0 0 0 0 0 0 0 0 0 0 0 0 0 0 0 69 69 69 69 69 69 76 69 69 69 69 69 69 69 69 69 69 69 69 69 69 69 69 69 69 69 69 69 69 0 0
MR ctyindb 32 0 0 0 0 0 0 0 0 0 0 0 0 0 0 0 0 0 0 0 0 0 0 0 0 0 0 0 0 0 0 0 0 0 0 0 0 0 0 0 0 0 0 0 0 0 0 0 0 0 0 0 0 0 0 0 0 0 0 0 0 0 0 69 69 69 69 69 70 78 69 69 69 69 69 69 69 78 78 78 78 78 61 61 69 69 69 69 69 69 69 69 0 0
MR ctyindb 33 0 0 0 0 0 0 0 0 0 0 0 0 0 0 0 0 0 0 0 0 0 0 0 0 0 0 0 0 0 0 0 0 0 0 0 0 0 0 0 0 0 0 0 0 0 0 0 0 0 0 0 0 0 0 0 0 0 0 0 0 0 0 69 69 69 69 69 69 69 69 69 69 69 69 69 69 70 69 69 68 66 61 61 69 69 80 69 69 69 69 69 0 0
MR ctyindb 34 0 0 0 0 0 0 0 0 0 0 0 0 0 0 0 0 0 0 0 0 0 0 0 0 0 0 0 0 0 0 0 0 0 0 0 0 0 0 0 0 0 0 0 0 0 0 0 0 0 0 0 0 0 0 0 0 0 0 0 0 0 0 69 69 69 78 78 78 78 78 78 78 69 69 69 69 70 69 69 69 69 69 69 69 69 69 69 69 69 69 69 0 0
MR ctyindb 35 0 0 0 0 0 0 0 0 0 0 0 0 0 0 0 0 0 0 0 0 0 0 0 0 0 0 0 0 0 0 0 0 0 0 0 0 0 0 0 0 0 0 0 0 0 0 0 0 0 0 0 0 0 0 0 0 0 0 0 0 0 0 69 69 69 69 69 69 69 69 69 70 70 69 69 69 69 69 69 69 69 69 69 84 84 84 84 69 69 69 69 0 0
MR ctyindb 36 0 0 0 0 0 0 0 0 0 0 0 0 0 0 0 0 0 0 0 0 0 0 0 0 0 0 0 0 0 0 0 0 0 0 0 0 0 0 0 0 0 0 0 0 0 0 0 0 0 0 0 0 0 0 0 0 0 0 0 0 0 0 69 69 69 69 69 69 70 69 69 69 69 70 69 69 70 69 69 69 69 70 69 69 69 69 69 70 69 69 69 0 0
MR ctyindb 37 0 0 0 0 0 0 0 0 0 0 0 0 0 0 0 0 0 0 0 0 0 0 0 0 0 0 0 0 0 0 0 0 0 0 0 0 0 0 0 0 0 0 0 0 0 0 0 0 0 0 0 0 0 0 0 0 0 0 0 0 0 0 69 69 69 78 78 78 78 78 78 78 78 78 78 78 78 78 78 78 78 78 78 78 78 78 69 69 69 69 69 0 0
MR ctyindb 38 0 0 0 0 0 0 0 0 0 0 0 0 0 0 0 0 0 0 0 0 0 0 0 0 0 0 0 0 0 0 0 0 0 0 0 0 0 0 0 0 0 0 0 0 0 0 0 0 0 0 0 0 0 0 0 0 0 0 0 0 0 0 69 69 69 69 69 69 69 69 69 69 69 69 69 69 69 69 69 69 69 69 69 69 69 69 69 69 69 69 69 0 0
MR ctyindb 39 0 0 0 0 0 0 0 0 0 0 0 0 0 0 0 0 0 0 0 0 0 0 0 0 0 0 0 0 0 0 0 0 0 0 0 0 0 0 0 0 0 0 0 0 0 0 0 0 0 0 0 0 0 0 0 0 0 0 0 0 0 0 69 69 69 69 69 69 69 69 69 69 69 69 69 69 69 69 69 69 69 69 69 69 69 69 69 69 69 69 69 0 0
MR ctyindb 40 0 0 0 0 0 0 0 0 0 0 0 0 0 0 0 0 0 0 0 0 0 0 0 0 0 0 0 0 0 0 0 0 0 0 0 0 0 0 0 0 0 0 0 0 0 0 0 0 0 0 0 0 0 0 0 0 0 0 0 0 0 0 69 69 69 69 69 69 69 69 78 78 78 78 78 78 78 78 78 78 78 78 78 69 69 69 69 69 69 69 69 0 0
MR ctyindb 41 0 0 0 0 0 0 0 0 0 0 0 0 0 0 0 0 0 0 0 0 0 0 0 0 0 0 0 0 0 0 0 0 0 0 0 0 0 0 0 0 0 0 0 0 0 0 0 0 0 0 0 0 0 0 0 0 0 0 0 0 0 0 69 69 69 69 69 69 69 69 69 69 69 69 69 69 69 69 69 69 69 69 69 69 69 69 69 69 69 69 69 0 0
MR ctyindb 42 0 0 0 0 0 0 0 0 0 0 0 0 0 0 0 0 0 0 0 0 0 0 0 0 0 0 0 0 0 0 0 0 0 0 0 0 0 0 0 0 0 0 0 0 0 0 0 0 0 0 0 0 0 0 0 0 0 0 0 0 0 0 69 69 69 69 69 69 69 69 69 69 69 69 78 69 69 69 69 69 69 69 75 78 78 78 69 69 69 69 69 0 0
MR ctyindb 43 0 0 0 0 0 0 0 0 0 0 0 0 0 0 0 0 0 0 0 0 0 0 0 0 0 0 0 0 0 0 0 0 0 0 0 0 0 0 0 0 0 0 0 0 0 0 0 0 0 0 0 0 0 0 0 0 0 0 0 0 0 0 69 69 69 69 69 69 69 70 69 69 69 69 70 70 69 78 69 69 69 69 69 70 69 69 69 69 69 69 69 0 0
MR ctyindb 44 0 0 0 0 0 0 0 0 0 0 0 0 0 0 0 0 0 0 0 0 0 0 0 0 0 0 0 0 0 0 0 0 0 0 0 0 0 0 0 0 0 0 0 0 0 0 0 0 0 0 0 0 0 0 0 0 0 0 0 0 0 0 69 69 69 69 69 69 69 69 78 69 69 69 78 70 69 78 69 69 69 69 69 70 69 70 69 69 69 69 69 0 0
MR ctyindb 45 0 0 0 0 0 0 0 0 0 0 0 0 0 0 0 0 0 0 0 0 0 0 0 0 0 0 0 0 0 0 0 0 0 0 0 0 0 0 0 0 0 0 0 0 0 0 0 0 0 0 0 0 0 0 0 0 0 0 0 0 0 0 69 69 69 69 69 69 69 69 78 69 69 69 78 69 69 78 69 69 69 69 69 69 69 69 69 69 69 69 69 0 0
MR ctyindb 46 0 0 0 0 0 0 0 0 0 0 0 0 0 0 0 0 0 0 0 0 0 0 0 0 0 0 0 0 0 0 0 0 0 0 0 0 0 0 0 0 0 0 0 0 0 0 0 0 0 0 0 0 0 0 0 0 0 0 0 0 0 0 69 69 69 78 78 78 78 78 78 69 69 69 78 70 70 78 69 69 69 69 69 69 69 69 69 69 69 69 69 0 0
MR ctyindb 47 0 0 0 0 0 0 0 0 0 0 0 0 0 0 0 0 0 0 0 0 0 0 0 0 0 0 0 0 0 0 0 0 0 0 0 0 0 0 0 0 0 0 0 0 0 0 0 0 0 0 0 0 0 0 0 0 0 0 0 0 0 0 69 69 69 69 69 69 69 69 78 69 69 69 78 69 70 78 69 69 69 69 69 69 69 69 69 69 69 69 69 0 0
MR ctyindb 48 0 0 0 0 0 0 0 0 0 0 0 0 0 0 0 0 0 0 0 0 0 0 0 0 0 0 0 0 0 0 0 0 0 0 0 0 0 0 0 0 0 0 0 0 0 0 0 0 0 0 0 0 0 0 0 0 0 0 0 0 0 0 69 69 69 69 69 69 69 69 69 69 69 69 69 69 69 69 69 69 69 69 69 69 69 69 69 69 69 69 69 0 0
MR ctyindb 49 0 0 0 0 0 0 0 0 0 0 0 0 0 0 0 0 0 0 0 0 0 0 0 0 0 0 0 0 0 0 0 0 0 0 0 0 0 0 0 0 0 0 0 0 0 0 0 0 0 0 0 0 0 0 0 0 0 0 0 0 0 0 69 69 69 69 69 69 69 70 78 78 78 78 78 78 78 70 69 69 69 69 69 69 69 69 69 69 69 69 69 0 0
MR ctyindb 50 0 0 0 0 0 0 0 0 0 0 0 0 0 0 0 0 0 0 0 0 0 0 0 0 0 0 0 0 0 0 0 0 0 0 0 0 0 0 0 0 0 0 0 0 0 0 0 0 0 0 0 0 0 0 0 0 0 0 0 0 0 0 0 0 0 0 0 0 70 70 0 70 70 70 0 0 0 70 0 0 0 0 0 0 0 0 0 0 0 0 0 0 0
MR ctyindb 51 0 0 0 0 0 0 0 0 0 0 0 0 0 0 0 0 0 0 0 0 0 0 0 0 0 0 0 0 0 0 0 0 0 0 0 0 0 0 0 0 0 0 0 0 0 0 0 0 0 0 0 0 0 0 0 0 0 0 0 0 0 0 0 0 0 0 0 0 0 0 0 0 0 0 70 70 70 70 0 0 0 0 0 0 0 0 0 0 0 0 0 0 0
MR ctyindb 52 0 0 0 0 0 0 0 0 0 0 0 0 0 0 0 0 0 0 0 0 0 0 0 0 0 0 0 0 0 0 0 0 0 0 0 0 0 0 0 0 0 0 0 0 0 0 0 0 0 0 0 0 0 0 0 0 0 0 0 0 0 0 0 0 0 0 0 0 0 0 0 0 0 0 0 0 0 0 0 0 0 0 0 0 0 0 0 0 0 0 0 0 0
MR ctyindb 53 0 0 0 0 0 0 0 0 0 0 0 0 0 0 0 0 0 0 0 0 0 0 0 0 0 0 0 0 0 0 0 0 0 0 0 0 0 0 0 0 0 0 0 0 0 0 0 0 0 0 0 0 0 0 0 0 0 0 0 0 0 0 0 0 0 0 0 0 0 0 0 0 0 0 0 0 0 0 0 0 0 0 0 0 0 0 0 0 0 0 0 0 0
MSEND ctyindb 735
MS ctysluma 43 -8 33 35
MR ctysluma 0 0 0 0 0 0 0 0 0 0 0 0 0 0 0 0 0 0 0 0 0 0 0 0 0 0 0 0 0 0 0 0 0 0
MR ctysluma 1 0 0 70 70 0 0 0 0 0 0 0 0 0 0 0 0 0 0 0 0 0 0 0 0 0 0 0 0 0 0 0 0 0
MR ctysluma 2 0 0 70 70 70 0 0 0 0 0 0 0 0 0 0 0 0 0 0 0 0 0 0 0 0 0 0 0 0 0 0 0 0
MR ctysluma 3 0 0 70 70 70 70 70 0 0 0 0 0 0 0 0 0 0 0 0 0 0 0 0 0 0 0 0 0 0 0 0 0 0
MR ctysluma 4 0 0 70 70 70 70 86 87 0 0 0 0 0 0 0 0 0 0 0 0 0 0 0 0 0 0 0 0 0 0 0 0 0
MR ctysluma 5 0 0 0 70 70 70 70 86 0 0 0 0 0 0 0 0 0 0 0 0 0 0 0 0 0 0 0 0 0 0 0 0 0
MR ctysluma 6 0 0 0 0 70 70 70 70 70 0 0 0 0 0 0 0 0 0 0 0 0 0 0 0 0 0 87 86 82 0 0 0 0
MR ctysluma 7 0 0 0 0 87 81 70 70 70 70 0 0 0 0 0 0 0 0 0 0 0 0 0 0 0 0 70 79 78 88 0 0 0
MR ctysluma 8 0 0 0 0 0 87 70 70 70 70 70 0 0 0 0 0 0 0 0 0 0 0 0 0 0 70 70 70 70 70 0 0 0
MR ctysluma 9 0 0 0 0 0 80 70 70 70 70 70 70 0 0 0 0 0 0 0 0 0 0 0 0 70 70 70 70 70 70 0 0 0
MR ctysluma 10 0 0 0 0 0 80 70 70 77 76 70 70 0 0 0 0 0 0 0 0 0 89 70 70 70 70 70 70 70 70 0 0 0
MR ctysluma 11 0 0 0 0 0 70 70 70 78 77 70 70 70 70 70 0 0 0 0 0 70 70 70 70 70 70 70 70 70 70 0 0 0
MR ctysluma 12 0 0 0 0 0 70 70 70 77 70 70 70 70 70 0 0 0 0 70 70 70 70 70 69 66 66 66 70 70 70 0 0 0
MR ctysluma 13 0 0 0 0 0 70 70 70 70 70 70 70 70 70 0 0 0 0 0 70 70 70 66 66 69 70 70 70 70 70 0 0 0
MR ctysluma 14 0 0 0 0 0 0 86 70 70 70 70 70 70 87 0 0 0 0 0 70 70 70 70 69 69 70 70 70 0 0 0 0 0
MR ctysluma 15 0 0 0 0 0 0 0 0 70 70 70 70 70 70 70 70 0 70 70 70 70 70 70 69 69 70 70 0 0 0 0 0 0
MR ctysluma 16 0 0 0 0 0 0 0 90 0 70 70 70 70 70 70 70 70 70 70 70 70 70 70 69 70 70 70 70 70 70 0 0 0
MR ctysluma 17 0 0 0 70 70 70 89 77 70 70 0 70 86 70 70 70 69 69 70 70 70 70 70 70 70 70 70 70 69 70 70 0 0
MR ctysluma 18 0 0 0 70 70 70 69 69 70 70 70 81 86 86 70 70 69 69 70 77 76 70 70 70 70 70 70 70 69 70 70 0 0
MR ctysluma 19 0 0 0 70 70 70 68 68 69 70 70 70 85 0 70 70 70 70 70 70 69 69 70 70 66 69 70 70 70 70 78 0 0
MR ctysluma 20 0 0 0 70 70 69 69 69 70 70 70 69 70 70 70 70 69 66 69 66 66 66 69 66 66 66 66 66 66 70 77 87 0
MR ctysluma 21 0 0 0 70 70 69 69 70 70 70 70 69 69 70 70 70 70 70 70 70 70 70 70 70 70 70 70 70 70 70 86 0 0
MR ctysluma 22 0 0 0 70 70 69 69 70 70 70 69 69 70 70 69 69 70 70 70 70 70 70 70 70 70 70 70 69 70 70 86 0 0
MR ctysluma 23 0 0 0 70 70 69 69 70 70 69 68 69 70 70 70 70 70 70 70 70 69 70 70 70 70 70 70 70 70 70 0 0 0
MR ctysluma 24 0 0 0 70 70 70 70 82 70 69 69 70 70 81 70 70 70 70 70 70 69 70 70 0 0 0 70 70 70 70 0 0 0
MR ctysluma 25 0 0 0 70 70 70 70 81 70 70 70 70 79 77 70 70 70 70 70 70 70 70 0 88 87 70 70 70 70 70 0 0 0
MR ctysluma 26 0 0 0 70 70 70 70 70 70 69 70 70 70 70 69 69 70 70 70 70 86 70 70 81 76 70 70 70 70 70 0 0 0
MR ctysluma 27 0 0 0 70 70 70 70 70 69 68 70 70 70 70 70 70 70 70 70 85 70 70 70 70 70 69 70 70 70 70 0 0 0
MR ctysluma 28 0 0 0 70 70 70 69 69 69 69 70 69 70 70 70 70 70 70 70 85 70 70 70 70 69 68 70 70 90 0 0 0 0
MR ctysluma 29 0 0 0 70 70 70 66 66 66 69 66 66 66 69 66 66 66 66 66 66 66 66 70 70 69 69 70 70 0 0 0 0 0
MR ctysluma 30 0 0 0 70 70 70 70 70 70 70 70 70 67 70 70 70 70 70 70 70 70 77 82 70 70 70 70 70 0 0 0 0 0
MR ctysluma 31 0 0 0 0 87 87 70 70 0 73 81 86 86 70 70 70 70 70 70 70 78 82 0 70 70 70 70 70 0 0 0 0 0
MR ctysluma 32 0 0 0 0 0 0 0 0 0 0 0 0 0 0 0 0 0 0 0 0 0 0 0 0 0 0 0 0 0 0 0 0 0
MR ctysluma 33 0 0 0 0 85 0 0 0 0 0 0 0 0 0 0 0 0 0 0 0 0 0 0 0 0 0 0 0 0 0 0 0 0
MR ctysluma 34 0 0 0 0 0 0 0 0 0 0 0 0 0 0 0 0 0 0 0 0 0 0 0 0 0 0 0 0 0 0 0 0 0
MSEND ctysluma 594
MS ctyslumb 22 -27 30 29
MR ctyslumb 0 0 0 0 0 0 0 0 0 0 0 0 0 0 0 0 0 0 0 0 0 0 0 0 0 0 0 0 0 0 0
MR ctyslumb 1 0 0 0 0 0 0 0 0 0 0 0 0 0 0 0 0 0 0 0 0 0 0 0 0 0 0 0 0 0 0
MR ctyslumb 2 0 0 0 0 0 0 0 0 0 0 0 0 0 0 0 0 0 0 0 0 0 0 0 0 0 69 0 0 0 0
MR ctyslumb 3 0 0 0 0 0 0 0 0 0 0 0 0 0 0 0 78 69 0 0 0 69 69 70 69 69 69 70 69 0 0
MR ctyslumb 4 0 0 0 0 0 0 0 0 0 0 0 0 0 86 76 69 69 69 69 69 69 69 69 69 69 69 66 76 0 0
MR ctyslumb 5 0 0 0 0 0 0 0 0 0 0 0 0 86 71 69 69 69 69 69 69 69 69 69 69 69 69 66 66 66 66
MR ctyslumb 6 0 0 0 0 0 0 0 0 0 0 0 76 70 70 69 69 69 69 69 69 69 69 69 69 69 69 66 66 66 66
MR ctyslumb 7 0 0 0 0 0 0 0 0 0 0 0 0 70 69 69 77 69 69 69 69 69 69 69 69 69 69 0 0 0 0
MR ctyslumb 8 0 0 0 0 0 0 0 0 0 0 0 70 70 69 77 77 77 69 69 70 69 69 69 69 69 69 0 0 0 0
MR ctyslumb 9 0 0 67 65 65 0 0 0 0 0 0 70 69 69 69 77 69 69 70 71 69 69 69 76 69 69 0 0 0 0
MR ctyslumb 10 0 0 69 69 69 0 0 0 0 0 0 87 69 68 69 69 69 70 71 70 69 69 69 69 69 69 0 0 0 0
MR ctyslumb 11 0 0 69 69 69 86 0 0 0 0 0 70 69 69 69 69 69 71 71 70 69 69 69 69 69 69 87 0 0 0
MR ctyslumb 12 0 0 69 69 69 75 86 0 0 0 70 69 69 69 69 69 70 71 70 69 69 69 69 69 69 77 87 0 0 0
MR ctyslumb 13 0 0 69 69 69 69 86 0 0 80 69 69 69 69 69 69 69 70 69 69 69 69 69 68 69 70 87 0 0 0
MR ctyslumb 14 0 0 69 69 69 69 81 0 86 69 69 69 69 69 69 69 69 69 69 69 69 69 69 69 69 70 84 0 0 0
MR ctyslumb 15 0 0 69 69 69 69 69 87 86 69 69 69 69 69 69 69 69 69 69 68 69 69 69 69 69 70 84 0 0 0
MR ctyslumb 16 0 0 69 69 69 69 72 86 69 69 69 69 69 69 69 69 72 87 69 69 69 69 69 69 69 69 84 0 0 0
MR ctyslumb 17 0 0 77 70 69 69 0 75 69 69 69 69 69 69 69 69 74 89 69 69 69 69 69 69 70 69 0 0 0 0
MR ctyslumb 18 0 0 88 71 70 69 69 69 69 69 69 69 69 76 69 69 69 0 69 70 86 70 70 70 69 69 0 0 0 0
MR ctyslumb 19 0 0 87 82 71 70 69 69 69 69 69 69 69 76 69 69 69 69 69 70 86 70 69 69 73 0 0 0 0 0
MR ctyslumb 20 0 0 0 87 82 71 70 69 86 69 85 69 68 69 69 69 89 69 69 71 71 70 69 69 0 0 0 0 0 0
MR ctyslumb 21 0 0 0 89 89 76 69 69 69 69 70 69 69 69 69 69 89 69 69 71 0 70 69 69 0 0 0 0 0 0
MR ctyslumb 22 0 0 69 88 69 69 69 69 69 69 69 69 76 79 0 0 79 69 70 70 0 85 85 70 0 0 0 0 0 0
MR ctyslumb 23 0 0 69 69 69 69 69 69 69 69 69 70 82 88 0 86 81 69 69 0 0 0 0 86 0 0 0 0 0 0
MR ctyslumb 24 0 0 69 69 69 69 69 69 69 69 69 76 85 69 69 69 69 69 69 69 0 0 0 0 0 0 0 0 0 0
MR ctyslumb 25 0 0 69 69 69 69 69 69 69 69 69 85 69 69 69 69 69 69 69 69 0 0 0 0 0 0 0 0 0 0
MR ctyslumb 26 0 0 69 69 69 69 69 69 69 69 69 86 69 69 69 69 69 69 69 69 84 84 84 0 0 0 0 0 0 0
MR ctyslumb 27 0 0 0 0 0 0 0 74 0 82 81 0 73 92 83 82 0 74 0 0 0 0 0 0 0 0 0 0 0 0
MR ctyslumb 28 0 0 0 0 0 0 0 0 0 0 0 0 0 0 0 0 0 0 0 0 0 0 0 0 0 0 0 0 0 0
MSEND ctyslumb 478
MS ctyslumc 20 -52 36 38
MR ctyslumc 0 0 0 0 0 0 0 0 0 0 0 0 0 0 0 0 0 0 0 0 0 0 0 0 0 0 0 0 0 0 0 0 0 0 0 0 0
MR ctyslumc 1 0 0 0 0 0 0 0 0 0 0 0 0 0 0 0 0 0 0 0 0 0 0 0 0 0 0 0 0 0 0 0 0 0 0 0 0
MR ctyslumc 2 0 0 0 0 0 0 0 0 0 0 0 0 78 78 78 78 78 78 0 0 0 0 0 0 0 0 0 0 0 0 0 0 0 0 0 0
MR ctyslumc 3 0 0 0 0 0 0 85 83 76 76 0 0 68 68 67 62 68 68 75 0 0 0 0 0 0 0 0 0 0 0 0 0 0 0 0 0
MR ctyslumc 4 0 0 0 0 0 70 84 83 77 77 0 0 0 0 67 59 0 0 0 0 0 0 0 0 0 0 0 0 0 0 0 0 0 0 0 0
MR ctyslumc 5 0 0 0 0 0 0 0 69 84 0 0 0 0 0 69 0 0 0 0 0 75 0 0 0 0 0 0 0 0 0 0 0 0 0 0 0
MR ctyslumc 6 0 0 0 0 0 0 0 0 72 87 0 69 70 70 70 0 0 0 0 69 77 76 0 0 0 0 0 70 70 0 0 0 0 0 0 0
MR ctyslumc 7 0 0 0 0 0 0 0 0 70 76 0 69 0 0 0 0 0 0 0 67 0 0 0 0 76 0 0 70 0 0 0 0 0 0 0 0
MR ctyslumc 8 0 0 0 0 0 0 0 0 70 76 76 68 66 0 69 67 67 0 67 67 0 0 0 85 76 0 70 71 0 0 0 0 0 0 0 0
MR ctyslumc 9 0 0 0 0 0 0 0 0 82 81 71 69 71 70 65 68 68 66 67 0 0 0 0 84 69 0 69 0 0 0 0 0 0 0 0 0
MR ctyslumc 10 0 0 0 0 0 0 0 0 0 71 0 0 0 0 0 0 69 0 67 0 0 0 0 0 70 70 70 0 0 0 0 0 0 0 0 0
MR ctyslumc 11 0 0 0 0 0 0 0 0 0 0 0 84 83 0 0 0 84 75 69 69 0 0 0 69 69 70 0 63 0 0 0 0 0 0 0 0
MR ctyslumc 12 0 0 0 0 0 79 71 0 0 0 80 80 84 71 77 77 83 0 0 68 70 70 69 0 0 66 68 0 0 0 0 0 0 0 0 0
MR ctyslumc 13 0 0 0 0 0 0 79 82 79 0 80 80 69 71 71 77 77 0 0 67 67 0 0 76 76 0 67 0 0 0 0 0 0 0 0 0
MR ctyslumc 14 0 0 0 0 70 70 0 81 0 0 75 69 69 69 82 77 75 0 0 0 0 0 69 0 69 86 69 71 0 0 0 0 0 0 0 0
MR ctyslumc 15 0 0 0 81 70 70 0 0 0 0 0 0 69 69 82 0 0 0 0 91 77 77 69 69 71 85 68 0 0 0 0 0 0 0 0 0
MR ctyslumc 16 0 0 0 79 76 76 0 0 0 0 0 0 0 70 69 0 68 70 70 70 70 77 0 68 68 68 68 0 0 0 0 0 0 0 0 0
MR ctyslumc 17 0 0 0 0 69 0 75 77 0 0 0 0 69 0 70 70 70 69 70 70 70 69 68 0 69 68 68 67 0 0 0 0 0 0 0 0
MR ctyslumc 18 0 0 0 85 0 0 75 76 0 0 0 0 69 69 69 69 76 69 69 70 70 69 0 0 0 0 68 0 0 0 0 0 0 0 0 0
MR ctyslumc 19 0 0 0 0 0 0 0 0 0 0 0 0 0 70 0 70 76 70 69 0 69 68 0 0 0 0 68 0 0 0 0 0 0 0 0 0
MR ctyslumc 20 0 0 0 0 70 0 0 0 0 0 0 0 68 88 0 71 70 68 68 0 0 67 67 0 0 67 68 0 0 0 0 0 0 0 0 0
MR ctyslumc 21 0 0 0 82 71 0 0 0 0 0 67 0 70 70 88 0 0 0 0 0 0 0 67 68 68 69 69 70 0 0 0 0 0 0 0 0
MR ctyslumc 22 0 0 0 0 69 0 68 69 69 68 67 69 70 76 70 0 0 0 71 76 0 0 68 76 77 68 70 89 76 0 0 0 0 0 0 0
MR ctyslumc 23 0 0 0 70 69 0 0 68 69 0 0 0 71 70 76 0 0 69 86 72 0 0 69 77 80 76 77 70 77 0 0 0 0 0 0 0
MR ctyslumc 24 0 0 0 84 0 0 0 0 68 0 85 0 71 71 0 0 70 0 0 87 75 0 0 76 78 77 0 76 76 0 0 0 0 69 0 0
MR ctyslumc 25 0 0 0 79 0 0 0 68 68 68 82 76 71 72 0 77 69 0 0 0 70 70 0 76 0 0 69 0 0 69 79 69 0 70 0 0
MR ctyslumc 26 0 0 0 0 69 77 76 69 0 67 69 69 71 0 69 0 0 0 0 0 0 70 70 70 0 69 82 77 0 0 0 0 0 0 0 0
MR ctyslumc 27 0 0 0 70 70 76 69 0 0 69 69 68 0 0 0 0 0 0 0 0 0 0 0 0 0 0 0 0 0 0 0 0 0 0 0 0
MR ctyslumc 28 0 0 0 0 0 0 68 0 0 69 0 0 0 0 83 0 0 0 0 0 0 0 0 0 0 0 0 0 0 0 0 0 0 0 0 0
MR ctyslumc 29 0 0 0 0 69 0 69 0 0 69 0 0 69 0 0 0 0 0 0 0 0 0 0 0 0 0 0 0 0 0 0 0 0 0 0 0
MR ctyslumc 30 0 0 0 0 77 67 68 66 0 68 70 0 69 0 0 0 0 0 0 0 0 0 0 0 0 0 0 0 0 0 0 0 0 0 0 0
MR ctyslumc 31 0 0 0 0 81 68 68 68 68 69 0 0 76 0 0 0 0 0 0 0 0 0 0 0 0 0 0 0 0 0 0 0 0 0 0 0
MR ctyslumc 32 0 0 0 0 82 68 0 60 69 69 75 70 0 0 0 0 0 0 0 0 0 0 0 0 0 0 0 0 0 0 0 0 0 0 0 0
MR ctyslumc 33 0 0 0 0 85 68 0 0 76 75 74 0 0 0 0 0 0 0 0 0 0 0 0 0 0 0 0 0 0 0 0 0 0 0 0 0
MR ctyslumc 34 0 0 0 0 85 68 69 70 81 0 0 0 0 0 0 0 0 0 0 0 0 0 0 0 0 0 0 0 0 0 0 0 0 0 0 0
MR ctyslumc 35 0 0 0 0 0 0 0 0 87 82 70 76 0 0 0 0 0 0 0 0 0 0 0 0 0 0 0 0 0 0 0 0 0 0 0 0
MR ctyslumc 36 0 0 0 0 0 0 0 0 0 0 0 0 0 0 0 0 0 0 0 0 0 0 0 0 0 0 0 0 0 0 0 0 0 0 0 0
MR ctyslumc 37 0 0 0 0 0 0 0 0 0 0 0 0 0 0 0 0 0 0 0 0 0 0 0 0 0 0 0 0 0 0 0 0 0 0 0 0
MSEND ctyslumc 357
MS ctygena -29 -29 32 31
MR ctygena 0 0 0 0 0 0 0 0 0 0 0 0 0 0 0 0 0 0 0 0 0 0 0 0 0 0 0 0 0 0 0 0 0
MR ctygena 1 0 0 0 0 0 0 0 0 0 0 0 0 0 0 0 0 0 0 0 0 0 0 0 0 0 0 0 0 0 0 0 0
MR ctygena 2 0 0 0 0 0 0 0 0 0 0 0 0 0 0 0 0 0 0 0 0 0 0 0 0 0 0 0 0 0 0 0 0
MR ctygena 3 0 0 0 0 0 0 0 0 0 0 0 0 0 0 0 0 0 0 0 0 0 0 0 0 0 0 0 0 0 0 0 0
MR ctygena 4 0 0 0 0 0 0 0 0 0 0 0 0 0 0 0 0 0 69 69 69 69 69 69 69 69 69 69 69 69 0 0 0
MR ctygena 5 0 0 0 0 0 0 0 0 0 0 0 0 0 0 0 0 0 70 69 69 69 69 69 69 69 69 69 69 69 0 0 0
MR ctygena 6 0 0 0 0 0 0 77 77 70 69 77 77 69 0 0 0 0 79 70 69 69 70 69 67 0 0 0 70 70 0 0 0
MR ctygena 7 0 0 0 0 69 69 70 70 69 69 69 69 69 69 69 69 74 70 70 70 70 69 69 0 0 0 0 70 70 0 0 0
MR ctygena 8 0 0 0 0 69 69 0 0 70 0 0 70 0 67 69 69 0 70 70 70 70 70 69 0 0 69 69 69 69 0 0 0
MR ctygena 9 0 0 0 0 69 69 0 0 70 0 0 70 0 0 69 69 74 70 69 69 70 70 69 69 0 69 69 69 0 0 0 0
MR ctygena 10 0 0 0 0 69 69 70 70 69 69 69 69 70 70 69 69 0 70 69 69 70 70 69 69 0 71 69 69 69 0 0 0
MR ctygena 11 0 0 0 0 70 70 0 0 69 69 69 69 0 0 69 69 0 70 69 69 69 69 69 69 69 0 69 69 69 0 0 0
MR ctygena 12 0 0 0 0 70 69 0 0 69 69 69 69 0 0 69 69 0 70 70 69 69 69 69 69 69 0 71 69 69 69 0 0
MR ctygena 13 0 0 0 69 69 70 70 70 69 69 69 69 0 0 69 69 70 70 70 69 69 69 69 69 69 69 0 69 69 69 0 0
MR ctygena 14 0 0 0 69 69 69 0 0 69 69 69 69 0 0 69 69 70 70 70 69 69 69 69 69 69 69 0 71 69 69 69 0
MR ctygena 15 0 0 0 69 69 69 0 67 69 69 69 69 70 70 69 69 70 70 70 69 69 69 69 69 69 69 70 70 69 69 69 0
MR ctygena 16 0 0 0 69 69 69 69 69 69 69 69 69 0 0 70 0 0 0 70 70 0 0 0 0 0 70 0 0 69 69 69 0
MR ctygena 17 0 0 0 0 69 69 69 69 69 69 69 69 0 0 70 0 0 0 70 70 0 0 0 0 0 70 0 67 69 69 0 0
MR ctygena 18 0 0 0 0 69 69 69 69 69 69 69 69 69 69 69 69 69 69 69 69 69 69 69 69 69 69 69 69 69 69 0 0
MR ctygena 19 0 0 0 0 0 69 69 69 69 71 71 69 69 69 69 69 69 69 69 70 70 69 69 69 69 69 69 69 69 69 0 0
MR ctygena 20 0 0 0 0 0 69 69 69 69 69 69 69 69 69 69 69 69 69 69 69 70 70 69 69 69 69 69 69 69 69 0 0
MR ctygena 21 0 0 0 0 0 69 69 69 69 69 69 69 69 69 69 69 69 69 69 80 70 70 69 69 69 69 69 69 69 69 0 0
MR ctygena 22 0 0 0 0 0 80 69 69 69 69 69 69 70 69 69 69 69 69 70 70 70 70 69 69 69 69 69 0 0 0 0 0
MR ctygena 23 0 0 0 0 0 69 69 69 69 70 69 69 69 69 69 69 69 70 70 70 70 69 69 69 69 69 69 69 69 0 0 0
MR ctygena 24 0 0 0 0 0 70 70 70 70 70 0 0 70 70 70 70 70 70 70 70 69 69 69 69 69 69 69 69 69 0 0 0
MR ctygena 25 0 0 0 0 0 70 70 70 70 70 0 0 70 70 70 70 70 70 70 69 69 69 69 69 69 70 69 70 69 0 0 0
MR ctygena 26 0 0 0 0 0 70 70 70 70 70 0 0 70 70 70 70 70 70 69 69 69 69 69 69 69 69 69 69 69 0 0 0
MR ctygena 27 0 0 0 0 0 70 70 70 70 70 0 0 70 70 70 70 81 70 69 69 69 0 69 69 71 69 69 69 69 0 0 0
MR ctygena 28 0 0 0 0 0 70 70 70 70 70 0 0 70 70 70 70 70 69 69 0 0 0 69 69 69 69 69 69 69 0 0 0
MR ctygena 29 0 0 0 0 0 0 0 70 0 0 0 0 0 0 70 0 0 0 0 0 0 0 0 0 0 0 0 0 0 0 0 0
MR ctygena 30 0 0 0 0 0 0 0 0 0 0 0 0 0 0 0 0 0 0 0 0 0 0 0 0 0 0 0 0 0 0 0 0
MSEND ctygena 517
MS ctygenb -3 -27 30 31
MR ctygenb 0 0 0 0 0 0 0 0 0 0 0 0 0 0 0 0 0 0 0 0 0 0 0 0 0 0 0 0 0 0 0
MR ctygenb 1 0 0 0 69 0 0 0 0 0 0 0 0 0 0 0 0 0 0 0 0 0 0 0 0 0 0 0 0 0 0
MR ctygenb 2 0 0 0 69 69 69 69 69 0 0 0 0 0 0 0 0 0 0 0 0 0 0 0 0 0 0 0 0 0 0
MR ctygenb 3 0 0 0 69 69 69 69 69 70 70 70 70 70 70 70 70 0 0 0 0 70 70 70 70 70 70 70 70 0 0
MR ctygenb 4 0 0 0 0 0 0 0 71 70 70 70 70 70 70 70 70 0 0 0 0 70 70 70 70 70 70 70 70 0 0
MR ctygenb 5 0 0 0 0 0 0 0 0 70 70 70 70 70 70 70 70 0 0 0 0 70 70 70 70 70 70 70 70 0 0
MR ctygenb 6 0 0 0 69 69 69 0 0 70 70 70 70 70 70 70 70 70 70 70 70 70 70 70 70 69 69 69 70 0 0
MR ctygenb 7 0 0 0 69 69 69 0 0 70 70 70 70 69 69 69 69 70 70 70 70 70 70 70 70 69 67 69 0 0 0
MR ctygenb 8 0 0 0 69 69 69 0 0 70 70 70 70 69 69 69 69 70 70 70 70 70 70 70 70 69 70 69 0 0 0
MR ctygenb 9 0 0 0 70 69 0 0 0 70 70 70 70 69 69 69 69 70 70 70 70 70 70 70 70 69 0 69 0 0 0
MR ctygenb 10 0 0 0 69 69 0 0 0 70 70 70 70 69 69 69 69 69 0 67 0 0 69 69 69 69 0 69 0 0 0
MR ctygenb 11 0 0 0 69 69 0 65 0 0 0 0 0 0 70 0 0 0 0 0 0 0 0 70 0 0 69 69 0 0 0
MR ctygenb 12 0 0 0 69 69 69 67 68 69 69 69 69 69 69 69 69 69 0 0 0 0 69 69 69 69 69 69 0 0 0
MR ctygenb 13 0 0 0 70 70 70 70 69 69 69 69 70 70 70 70 70 70 70 70 70 70 70 70 70 70 70 70 0 0 0
MR ctygenb 14 0 0 0 70 70 70 70 69 69 69 69 70 70 70 70 70 70 70 70 70 70 70 70 70 70 70 70 0 0 0
MR ctygenb 15 0 0 0 70 70 70 70 69 69 69 69 70 70 70 70 70 70 70 70 70 70 70 70 70 70 70 70 0 0 0
MR ctygenb 16 0 0 0 70 70 70 70 69 69 69 69 70 70 70 70 70 70 70 70 70 70 70 70 70 70 70 70 0 0 0
MR ctygenb 17 0 0 0 70 70 70 70 69 69 69 69 70 70 70 70 70 70 70 70 69 69 69 69 69 69 69 69 0 0 0
MR ctygenb 18 0 0 0 70 70 70 70 69 69 69 69 70 70 70 70 70 70 70 70 69 69 69 69 69 69 69 69 0 0 0
MR ctygenb 19 0 0 0 70 70 70 70 69 69 69 69 70 70 70 70 70 70 70 70 69 69 69 69 69 69 69 69 0 0 0
MR ctygenb 20 0 0 0 70 70 70 70 69 69 69 69 70 70 70 70 70 70 70 70 69 69 69 69 69 69 69 69 0 0 0
MR ctygenb 21 0 0 0 70 70 70 70 69 69 69 69 70 70 70 70 69 69 69 69 70 70 70 70 70 70 70 70 75 0 0
MR ctygenb 22 0 0 70 70 70 70 70 69 69 69 69 70 70 70 70 69 69 69 69 70 70 70 70 70 70 70 70 0 0 0
MR ctygenb 23 0 0 70 70 70 70 70 69 69 69 69 70 70 70 70 69 69 69 69 70 70 70 70 70 70 70 70 70 0 0
MR ctygenb 24 0 0 0 70 70 70 70 69 69 69 69 70 70 70 70 69 69 69 69 70 70 70 70 70 70 70 70 0 0 0
MR ctygenb 25 0 0 73 69 69 69 69 69 69 69 69 69 69 69 69 0 0 0 0 0 0 0 0 70 70 70 70 0 0 0
MR ctygenb 26 0 0 0 0 0 80 0 0 0 0 0 0 0 0 0 0 0 0 0 0 0 0 0 70 70 70 70 0 0 0
MR ctygenb 27 0 0 0 0 0 0 0 0 0 0 0 0 0 0 0 0 0 0 0 0 0 0 0 70 70 70 70 0 0 0
MR ctygenb 28 0 0 0 0 0 0 0 0 0 0 0 0 0 0 0 0 0 0 0 0 0 0 0 70 70 70 70 0 0 0
MR ctygenb 29 0 0 0 0 0 0 0 0 0 0 0 0 0 0 0 0 0 0 0 0 0 0 0 0 0 0 0 0 0 0
MR ctygenb 30 0 0 0 0 0 0 0 0 0 0 0 0 0 0 0 0 0 0 0 0 0 0 0 0 0 0 0 0 0 0
MSEND ctygenb 513
MS ctygenc -20 -6 47 33
MR ctygenc 0 0 0 0 0 0 0 0 0 0 0 0 0 0 0 0 0 0 0 0 0 0 0 0 0 0 0 0 0 0 0 0 0 0 0 0 0 0 0 0 0 0 0 0 0 0 0 0
MR ctygenc 1 0 0 0 0 0 0 0 0 0 0 0 0 0 0 0 0 0 0 0 0 0 0 0 0 0 0 0 0 0 0 0 0 0 0 0 0 0 0 0 0 0 0 0 0 0 0 0
MR ctygenc 2 0 0 0 70 0 0 0 0 0 0 0 0 0 0 0 0 0 0 0 0 0 0 0 0 0 0 0 0 0 0 0 0 0 0 0 0 0 0 0 0 0 0 0 0 0 0 0
MR ctygenc 3 0 0 0 77 0 0 0 0 0 0 0 0 0 0 0 0 0 0 0 0 0 0 0 0 0 0 0 0 0 0 0 0 0 0 0 0 0 0 0 0 0 0 0 0 0 0 0
MR ctygenc 4 0 0 0 77 0 0 0 0 0 0 0 0 0 0 0 0 0 0 0 0 0 0 0 0 0 0 0 0 0 0 0 0 0 0 0 0 0 0 0 0 0 0 0 0 0 0 0
MR ctygenc 5 0 0 0 77 0 0 0 0 0 0 0 0 0 0 0 0 0 0 0 0 0 0 0 0 70 70 70 70 70 0 0 78 78 78 78 91 91 91 69 69 0 0 0 0 0 0 0
MR ctygenc 6 0 0 0 70 70 70 69 69 69 69 69 70 69 69 69 92 92 69 69 69 69 69 70 70 70 70 70 70 70 70 69 69 69 70 70 69 69 69 69 69 69 0 0 0 0 0 0
MR ctygenc 7 0 0 0 70 70 70 69 69 69 69 69 69 69 69 69 69 69 69 69 69 69 69 70 70 70 70 70 70 70 70 69 69 69 70 70 69 69 69 69 69 69 0 0 0 0 0 0
MR ctygenc 8 0 0 0 70 70 70 70 69 69 69 69 69 69 70 69 69 71 69 69 69 69 70 70 70 70 70 78 0 0 70 70 69 69 70 70 0 0 69 69 69 69 69 0 0 0 0 0
MR ctygenc 9 0 0 0 0 0 0 0 0 0 0 0 0 0 0 0 0 0 0 0 0 70 70 70 69 69 69 74 90 81 81 70 69 70 81 81 90 73 69 69 69 69 69 69 69 0 0 0
MR ctygenc 10 0 0 0 0 0 0 0 0 0 0 0 0 0 0 0 0 0 0 0 0 70 70 70 69 69 69 70 70 70 70 70 69 69 69 69 69 69 69 70 69 69 69 69 69 0 0 0
MR ctygenc 11 0 0 0 0 0 0 0 0 0 0 0 0 0 0 0 0 0 0 0 0 70 70 70 70 69 69 67 0 70 0 0 70 70 0 0 70 0 67 70 70 0 69 69 69 0 0 0
MR ctygenc 12 0 0 0 0 0 0 0 0 0 0 0 0 0 0 0 0 0 0 0 0 70 70 70 69 69 70 0 0 70 0 0 70 70 0 0 70 0 0 69 69 0 69 69 69 0 0 0
MR ctygenc 13 0 0 0 0 0 0 0 0 0 0 0 0 0 0 0 0 0 0 0 0 70 70 70 69 69 70 70 70 69 69 69 69 69 69 69 69 70 70 69 69 0 90 69 69 0 0 0
MR ctygenc 14 0 0 0 0 0 0 0 0 0 0 0 0 0 0 0 0 0 0 0 0 70 70 70 69 70 70 0 0 69 69 69 69 69 69 69 69 0 0 69 69 0 90 69 69 0 0 0
MR ctygenc 15 0 0 0 0 0 0 0 0 0 0 0 0 0 0 0 0 0 0 0 0 69 69 69 69 69 69 0 0 69 69 80 71 71 80 69 69 0 0 69 69 0 90 69 69 0 0 0
MR ctygenc 16 0 0 0 0 0 0 0 0 0 0 0 0 0 0 0 0 0 0 0 0 69 69 69 69 69 69 0 0 69 69 80 0 0 80 69 69 0 0 69 69 0 69 69 69 0 0 0
MR ctygenc 17 0 0 0 0 0 0 0 0 0 0 0 0 0 0 0 0 0 0 0 0 69 69 69 69 69 69 0 0 69 69 80 71 71 80 69 69 0 0 69 69 69 69 69 69 0 0 0
MR ctygenc 18 0 0 0 0 0 0 0 0 0 0 0 0 0 0 0 0 0 0 0 0 81 70 69 69 69 69 0 0 69 69 80 71 71 80 69 69 0 0 69 69 69 70 70 70 0 0 0
MR ctygenc 19 0 0 0 0 0 0 0 0 0 0 0 0 0 0 0 0 0 0 0 0 70 70 69 69 69 69 70 70 69 69 80 71 71 80 69 69 70 70 69 69 70 70 70 0 0 0 0
MR ctygenc 20 0 0 0 0 0 0 0 0 0 0 0 0 0 0 0 0 0 0 0 0 77 70 70 0 69 69 0 0 69 69 80 0 0 80 69 69 0 0 69 69 69 70 69 69 0 0 0
MR ctygenc 21 0 0 0 0 0 0 0 0 0 0 0 0 0 0 0 0 0 0 0 0 77 70 70 0 69 69 0 0 69 69 80 71 71 80 69 69 0 0 69 69 0 69 69 69 0 0 0
MR ctygenc 22 0 0 0 0 0 0 0 0 0 0 0 0 0 0 0 0 0 0 0 0 77 70 70 0 69 69 0 0 69 69 69 69 69 69 69 69 0 0 69 69 0 69 69 70 0 0 0
MR ctygenc 23 0 0 0 0 0 0 0 0 0 0 0 0 0 0 0 0 0 0 0 0 70 70 70 0 69 69 70 70 69 69 69 69 69 69 69 69 70 70 69 69 0 69 70 70 0 0 0
MR ctygenc 24 0 0 0 0 0 0 0 0 0 0 0 0 0 0 0 0 0 0 0 0 70 70 70 0 69 69 0 0 0 0 70 70 70 70 0 0 0 0 69 69 0 70 70 70 0 0 0
MR ctygenc 25 0 0 0 0 0 0 0 0 0 0 0 0 0 0 0 0 0 0 0 0 80 70 70 0 69 69 0 0 0 0 70 70 70 70 0 0 0 0 69 69 0 70 70 70 0 0 0
MR ctygenc 26 0 0 0 0 0 0 0 0 0 0 0 0 0 0 0 0 0 0 0 0 73 70 70 0 69 69 0 0 0 0 70 70 70 70 0 0 0 0 69 69 0 70 70 70 0 0 0
MR ctygenc 27 0 0 0 0 0 0 0 0 0 0 0 0 0 0 0 0 0 0 0 0 70 70 69 69 69 69 0 0 0 0 70 70 70 70 0 0 0 0 69 69 69 69 69 69 0 0 0
MR ctygenc 28 0 0 0 0 0 0 0 0 0 0 0 0 0 0 0 0 0 0 0 0 70 70 69 69 69 69 0 0 0 69 69 69 69 69 69 0 0 0 69 69 69 69 69 69 0 0 0
MR ctygenc 29 0 0 0 0 0 0 0 0 0 0 0 0 0 0 0 0 0 0 0 0 0 0 0 0 0 0 0 0 0 69 69 69 69 69 69 0 0 0 69 69 73 69 69 69 0 0 0
MR ctygenc 30 0 0 0 0 0 0 0 0 0 0 0 0 0 0 0 0 0 0 0 0 70 70 70 0 0 0 0 0 0 0 0 0 0 0 0 0 0 0 0 70 70 0 0 0 0 0 0
MR ctygenc 31 0 0 0 0 0 0 0 0 0 0 0 0 0 0 0 0 0 0 0 0 0 0 0 0 0 0 0 0 0 0 0 0 0 0 0 0 0 0 0 0 0 0 0 0 0 0 0
MR ctygenc 32 0 0 0 0 0 0 0 0 0 0 0 0 0 0 0 0 0 0 0 0 0 0 0 0 0 0 0 0 0 0 0 0 0 0 0 0 0 0 0 0 0 0 0 0 0 0 0
MSEND ctygenc 518
MS ctyfarma -30 -2 32 29
MR ctyfarma 0 0 0 0 0 0 0 0 0 0 0 0 0 0 0 0 0 0 0 0 0 0 0 0 0 0 0 0 0 0 0 0 0
MR ctyfarma 1 0 0 0 0 0 71 70 0 0 71 0 0 0 0 0 0 0 0 0 0 0 0 0 0 0 0 0 0 0 0 0 0
MR ctyfarma 2 0 0 0 0 77 71 69 69 69 74 0 0 0 0 0 0 0 0 0 0 0 0 0 0 0 0 0 0 0 0 0 0
MR ctyfarma 3 0 0 0 0 0 71 70 69 69 76 0 0 0 0 0 0 0 0 0 0 0 0 0 0 0 0 0 0 0 0 0 0
MR ctyfarma 4 0 0 0 0 79 71 70 69 69 69 74 75 76 0 76 69 75 75 69 69 74 76 77 0 0 0 0 0 0 0 0 0
MR ctyfarma 5 0 0 0 0 78 71 70 69 70 70 70 70 70 70 70 70 70 70 70 69 69 69 69 69 74 77 0 0 0 0 0 0
MR ctyfarma 6 0 0 0 0 79 71 70 69 69 69 69 69 69 70 69 69 69 69 69 69 69 69 69 69 69 69 69 0 0 0 0 0
MR ctyfarma 7 0 0 0 0 79 71 71 69 69 70 69 69 69 70 69 70 70 69 69 69 69 69 69 69 69 69 69 69 0 0 0 0
MR ctyfarma 8 0 0 0 0 0 72 70 69 69 70 69 69 69 70 69 70 70 70 69 69 69 69 69 69 70 69 69 69 69 0 0 0
MR ctyfarma 9 0 0 0 0 0 77 71 71 70 71 70 70 70 70 70 70 70 70 70 70 70 70 70 70 70 69 69 69 69 69 0 0
MR ctyfarma 10 0 0 0 0 0 0 72 72 72 72 72 72 72 72 72 72 72 72 72 72 72 72 71 71 70 69 69 69 69 69 0 0
MR ctyfarma 11 0 0 0 0 72 77 77 72 72 72 72 72 72 72 72 72 72 72 72 72 72 73 72 71 70 69 69 69 69 69 0 0
MR ctyfarma 12 0 0 0 0 71 71 71 71 71 71 71 71 71 71 71 71 71 71 70 70 71 72 72 71 70 69 69 69 69 75 0 0
MR ctyfarma 13 0 0 0 0 69 69 69 69 69 70 69 70 70 70 70 70 70 70 70 70 70 71 71 71 70 69 69 69 69 69 0 0
MR ctyfarma 14 0 81 81 81 69 69 69 69 69 70 69 70 70 70 70 70 70 70 70 70 69 70 70 70 70 69 69 69 69 76 0 0
MR ctyfarma 15 0 81 81 81 69 69 69 69 69 69 69 69 70 70 70 70 70 70 70 70 69 69 69 69 69 69 69 69 69 0 0 0
MR ctyfarma 16 0 0 0 0 75 69 69 69 69 70 70 70 70 70 70 70 70 70 70 70 69 69 69 69 69 69 69 69 69 0 0 0
MR ctyfarma 17 0 0 0 0 0 0 69 69 69 69 69 69 70 70 69 69 69 69 69 69 70 69 69 69 69 69 69 69 69 0 0 0
MR ctyfarma 18 0 0 0 0 0 0 0 0 0 0 0 0 0 0 0 76 0 77 69 69 70 69 75 69 69 69 69 69 69 0 0 0
MR ctyfarma 19 0 0 0 0 0 0 0 0 0 69 69 69 69 69 69 69 69 69 69 69 70 69 69 69 69 69 69 69 69 0 0 0
MR ctyfarma 20 0 0 0 0 0 0 0 0 69 69 69 69 69 69 69 69 70 70 70 69 69 69 69 69 69 69 69 69 69 0 0 0
MR ctyfarma 21 0 0 0 0 0 0 0 75 69 69 69 70 69 69 69 69 69 69 69 69 69 69 69 69 69 69 69 69 69 0 0 0
MR ctyfarma 22 0 0 0 0 0 0 0 69 69 69 69 69 69 70 69 69 69 69 69 70 69 69 69 69 69 69 69 69 70 0 0 0
MR ctyfarma 23 0 0 0 0 0 0 0 69 69 70 69 69 69 69 69 69 69 69 69 69 69 69 69 69 70 69 69 69 75 0 0 0
MR ctyfarma 24 0 0 0 0 0 0 0 70 69 69 69 69 70 69 69 69 69 0 76 69 69 70 70 69 69 69 69 74 0 0 0 0
MR ctyfarma 25 0 0 0 0 0 0 0 0 76 76 69 70 70 69 69 69 69 0 0 69 74 69 69 69 69 69 75 0 0 0 0 0
MR ctyfarma 26 0 0 0 0 0 0 0 0 0 0 70 70 70 70 0 0 0 0 0 0 0 0 0 0 0 0 0 0 0 0 0 0
MR ctyfarma 27 0 0 0 0 0 0 0 0 0 0 70 0 0 70 0 0 0 0 0 0 0 0 0 0 0 0 0 0 0 0 0 0
MR ctyfarma 28 0 0 0 0 0 0 0 0 0 0 0 0 0 70 0 0 0 0 0 0 0 0 0 0 0 0 0 0 0 0 0 0
MSEND ctyfarma 521
MS ctyfarmb -32 53 34 25
MR ctyfarmb 0 0 0 0 0 0 0 0 0 0 0 0 0 0 0 0 0 0 0 0 0 0 0 0 0 0 0 0 0 0 0 0 0 0 0
MR ctyfarmb 1 0 0 0 0 0 0 0 0 0 0 0 0 0 0 0 0 0 0 0 0 0 0 0 0 0 0 0 0 0 0 0 0 0 0
MR ctyfarmb 2 0 0 0 0 0 0 0 0 0 0 0 0 0 0 0 0 0 0 0 0 0 0 70 70 70 69 75 75 75 0 0 0 0 0
MR ctyfarmb 3 0 0 0 0 72 76 73 76 71 71 71 71 71 72 71 71 71 71 71 71 72 75 69 69 69 69 69 69 69 69 69 75 0 0
MR ctyfarmb 4 0 0 0 72 71 71 71 71 71 70 70 70 70 70 70 70 70 70 70 70 70 70 71 69 69 69 70 71 71 71 70 69 0 0
MR ctyfarmb 5 0 0 0 72 71 71 71 71 70 70 70 70 70 69 69 69 69 69 69 69 70 69 69 69 69 69 69 70 71 71 70 75 0 0
MR ctyfarmb 6 0 0 0 72 71 71 71 70 69 70 70 70 70 69 69 69 69 69 69 69 70 69 69 69 69 69 70 69 69 71 71 69 0 0
MR ctyfarmb 7 0 0 0 72 71 71 70 70 69 70 70 70 70 69 69 69 69 69 69 69 69 69 69 70 70 70 69 70 69 70 70 70 0 0
MR ctyfarmb 8 0 0 0 77 71 71 70 69 70 70 70 70 70 70 69 70 69 69 69 69 69 69 69 70 71 70 69 69 70 69 70 69 0 0
MR ctyfarmb 9 0 0 0 78 71 70 69 69 69 69 69 69 69 69 69 69 70 69 69 69 69 69 69 70 71 71 70 69 69 69 69 69 0 0
MR ctyfarmb 10 0 0 0 77 71 70 69 70 69 69 70 75 0 77 0 75 70 69 69 69 69 69 69 70 71 71 71 70 69 70 69 69 0 0
MR ctyfarmb 11 0 0 0 77 71 70 69 69 69 76 0 0 69 69 69 69 70 69 69 69 69 69 69 70 71 71 71 70 69 70 69 69 0 0
MR ctyfarmb 12 0 0 0 76 71 70 69 69 70 69 0 0 69 70 70 69 70 69 69 69 69 69 71 69 70 71 71 70 69 70 69 69 0 0
MR ctyfarmb 13 0 0 0 76 71 70 69 69 70 69 71 69 69 70 70 69 70 69 69 69 69 74 0 69 69 70 70 70 69 70 69 69 0 0
MR ctyfarmb 14 0 0 0 77 71 70 70 69 70 69 69 69 69 69 69 69 70 69 69 69 69 0 0 0 75 74 75 69 69 70 69 69 0 0
MR ctyfarmb 15 0 0 0 77 71 70 69 69 70 69 69 69 69 70 70 69 70 69 76 0 0 0 75 71 70 69 69 69 69 70 69 69 0 0
MR ctyfarmb 16 0 0 0 77 71 70 69 69 70 69 69 69 69 70 70 69 70 69 69 70 70 69 69 69 70 70 70 70 70 69 69 69 0 0
MR ctyfarmb 17 0 0 0 77 71 70 69 69 70 69 69 69 69 69 69 69 69 70 70 70 70 69 69 69 69 69 69 69 69 69 69 69 0 0
MR ctyfarmb 18 0 0 0 77 71 70 70 69 69 69 69 69 69 69 69 69 69 69 69 69 70 69 69 69 69 69 70 70 70 69 69 69 0 0
MR ctyfarmb 19 0 0 0 77 71 70 70 70 69 69 69 69 69 69 69 69 70 70 69 69 70 69 69 70 69 69 70 70 70 69 69 75 0 0
MR ctyfarmb 20 0 0 0 78 71 70 69 69 69 69 69 75 69 70 71 70 70 70 70 70 70 70 70 70 70 70 70 70 70 70 70 0 0 0
MR ctyfarmb 21 0 0 0 71 71 69 69 69 69 69 70 0 75 70 71 71 71 71 71 71 72 72 72 72 72 72 72 72 72 77 0 0 0 0
MR ctyfarmb 22 0 0 0 70 68 68 68 68 68 68 68 0 0 0 0 0 0 0 0 0 0 0 0 0 0 0 0 0 0 0 0 0 0 0
MR ctyfarmb 23 0 0 0 0 0 0 0 0 0 0 68 0 0 0 0 0 0 0 0 0 0 0 0 0 0 0 0 0 0 0 0 0 0 0
MR ctyfarmb 24 0 0 0 0 0 0 0 0 0 0 0 0 0 0 0 0 0 0 0 0 0 0 0 0 0 0 0 0 0 0 0 0 0 0
MSEND ctyfarmb 549
MS ctymarka -26 22 28 37
MR ctymarka 0 0 0 0 0 0 0 0 0 0 0 0 0 0 0 0 0 0 0 0 0 0 0 0 0 0 0 0 0
MR ctymarka 1 0 0 0 0 0 0 0 0 0 0 0 0 0 0 0 0 0 0 0 0 0 0 0 0 0 0 0 0
MR ctymarka 2 0 0 0 0 80 80 79 69 69 78 78 78 0 0 0 0 0 0 0 0 0 0 0 0 0 0 0 0
MR ctymarka 3 0 0 0 69 69 69 69 69 69 81 82 82 0 0 0 0 0 80 69 69 69 69 69 70 0 0 0 0
MR ctymarka 4 0 0 0 69 69 69 69 69 69 81 69 69 69 69 69 69 80 69 69 69 69 69 69 69 0 0 0 0
MR ctymarka 5 0 0 0 69 69 69 69 69 69 81 69 69 69 69 69 69 69 69 69 69 69 69 69 70 0 0 0 0
MR ctymarka 6 0 0 0 69 69 69 69 69 69 81 69 69 69 69 69 69 69 69 69 69 69 69 69 69 0 0 0 0
MR ctymarka 7 0 0 0 69 69 69 69 69 69 81 69 69 69 69 69 69 79 79 69 69 69 69 69 70 0 0 0 0
MR ctymarka 8 0 0 0 69 69 69 69 69 69 81 69 69 69 69 69 69 0 80 69 69 69 69 69 70 0 0 0 0
MR ctymarka 9 0 0 0 69 69 81 0 0 0 0 69 69 69 69 69 69 0 80 79 79 79 79 79 79 0 0 0 0
MR ctymarka 10 0 0 0 69 69 81 0 0 0 0 69 69 80 80 80 80 0 0 79 79 79 79 79 79 0 0 0 0
MR ctymarka 11 0 70 69 69 69 69 69 69 70 70 69 69 0 0 0 0 0 0 69 69 69 69 69 69 0 0 0 0
MR ctymarka 12 0 70 69 69 69 69 69 69 69 69 69 69 69 69 69 69 0 0 69 69 69 69 69 69 0 0 0 0
MR ctymarka 13 0 0 69 69 69 69 69 69 69 69 69 69 69 69 69 69 0 0 69 69 69 69 69 69 0 0 0 0
MR ctymarka 14 0 70 69 69 69 69 69 69 0 0 69 69 69 69 69 69 69 69 69 69 69 69 69 69 0 0 0 0
MR ctymarka 15 0 70 69 69 69 69 69 69 70 0 69 69 69 69 69 69 69 69 69 69 69 69 69 69 0 0 0 0
MR ctymarka 16 0 0 69 69 69 69 69 69 70 0 69 69 69 69 69 69 82 82 69 69 69 69 69 69 0 0 0 0
MR ctymarka 17 0 0 0 0 0 82 69 69 70 0 69 69 69 69 69 69 0 0 69 69 82 82 82 82 0 0 0 0
MR ctymarka 18 0 0 0 0 70 70 69 69 70 0 81 81 76 70 69 69 0 0 69 69 0 0 0 0 81 79 0 0
MR ctymarka 19 0 0 70 69 69 69 69 69 69 0 0 69 69 69 69 69 69 0 69 69 69 69 69 69 71 69 0 0
MR ctymarka 20 0 0 70 69 69 69 69 69 69 69 69 69 69 69 69 69 69 0 69 69 69 69 69 69 71 69 0 0
MR ctymarka 21 0 0 0 69 69 69 69 69 69 69 69 69 69 69 69 69 69 0 69 69 69 69 69 69 71 69 0 0
MR ctymarka 22 0 0 70 69 69 69 69 69 69 0 0 69 69 69 69 69 69 0 69 69 69 69 69 69 71 69 0 0
MR ctymarka 23 0 0 82 69 69 69 69 69 69 70 0 69 69 69 69 69 69 0 69 69 69 69 69 69 81 78 0 0
MR ctymarka 24 0 0 82 69 69 69 69 69 69 70 0 69 69 69 69 69 69 0 69 69 69 69 69 69 82 78 0 0
MR ctymarka 25 0 0 0 82 82 82 82 69 69 70 70 70 70 0 70 70 70 70 70 70 70 70 70 0 0 0 0 0
MR ctymarka 26 0 0 0 0 0 82 69 69 69 69 69 69 82 82 69 69 69 69 69 69 0 0 0 0 0 0 0 0
MR ctymarka 27 0 0 0 0 0 82 69 69 69 69 69 69 69 69 69 69 69 69 69 69 70 0 0 0 0 0 0 0
MR ctymarka 28 0 0 0 0 0 82 69 69 69 69 69 69 69 69 69 69 69 69 69 69 70 0 0 0 0 0 0 0
MR ctymarka 29 0 0 0 0 0 82 69 69 69 69 69 69 0 70 69 69 69 69 69 69 0 0 0 0 0 0 0 0
MR ctymarka 30 0 0 0 0 0 82 69 69 69 69 69 69 0 70 69 69 69 69 69 69 70 0 0 0 0 0 0 0
MR ctymarka 31 0 0 0 0 0 82 69 69 69 69 69 69 0 0 69 69 69 69 69 69 70 0 0 0 0 0 0 0
MR ctymarka 32 0 0 0 0 0 0 0 0 0 0 0 0 0 0 0 0 82 69 69 79 79 0 0 0 0 0 0 0
MR ctymarka 33 0 0 0 0 0 0 0 0 0 0 0 0 0 0 0 79 79 69 69 0 0 0 0 0 0 0 0 0
MR ctymarka 34 0 0 0 0 0 0 0 0 0 0 0 0 0 0 0 0 0 70 69 0 0 0 0 0 0 0 0 0
MR ctymarka 35 0 0 0 0 0 0 0 0 0 0 0 0 0 0 0 0 0 70 0 70 0 0 0 0 0 0 0 0
MR ctymarka 36 0 0 0 0 0 0 0 0 0 0 0 0 0 0 0 0 0 0 0 0 0 0 0 0 0 0 0 0
MSEND ctymarka 565
MS ctymarkb 22 21 28 30
MR ctymarkb 0 0 0 0 0 0 0 0 0 0 0 0 0 0 0 0 0 0 0 0 0 0 0 0 0 0 0 0 0
MR ctymarkb 1 0 0 0 0 0 0 0 0 0 0 0 0 0 0 0 0 0 0 0 0 0 0 0 0 0 0 0 0
MR ctymarkb 2 0 0 0 0 0 0 0 0 0 0 0 0 0 0 0 0 0 0 0 0 0 0 0 0 0 0 0 0
MR ctymarkb 3 0 0 0 0 0 0 0 0 0 0 0 0 0 0 0 0 0 0 0 0 0 0 0 0 92 80 70 0
MR ctymarkb 4 0 0 91 92 92 70 83 92 92 92 0 92 92 92 70 70 92 92 92 70 92 92 92 70 70 80 0 0
MR ctymarkb 5 0 0 83 70 70 70 70 70 70 70 70 70 70 70 70 70 70 70 76 76 76 74 72 70 70 70 0 0
MR ctymarkb 6 0 0 83 70 70 70 70 70 70 70 70 70 70 78 70 70 70 70 76 70 76 70 70 70 70 70 0 0
MR ctymarkb 7 0 0 83 70 70 70 70 70 70 70 70 70 70 70 70 70 70 70 76 70 70 70 70 70 70 70 0 0
MR ctymarkb 8 0 0 83 70 70 70 70 70 70 70 70 70 70 79 0 70 70 70 76 70 82 70 70 70 80 70 0 0
MR ctymarkb 9 0 0 83 70 70 70 70 70 70 78 70 70 70 79 0 70 70 82 76 70 70 70 70 70 80 70 0 0
MR ctymarkb 10 0 0 83 81 81 81 81 81 81 70 70 70 70 79 0 70 70 70 76 70 70 70 70 70 70 70 0 0
MR ctymarkb 11 0 0 70 70 70 70 70 70 70 70 70 70 70 79 0 70 70 70 70 70 70 70 70 70 70 70 0 0
MR ctymarkb 12 0 0 70 70 70 70 70 70 70 70 80 83 83 83 0 70 70 70 70 70 82 70 70 70 80 70 0 0
MR ctymarkb 13 0 0 0 70 70 81 82 70 70 70 80 82 83 0 0 70 70 70 70 70 70 0 0 0 0 0 0 0
MR ctymarkb 14 0 0 0 70 70 70 70 70 70 70 70 70 79 0 0 70 70 70 70 70 70 79 79 79 80 0 0 0
MR ctymarkb 15 0 0 0 70 70 70 70 70 70 70 70 70 79 82 82 70 70 70 76 70 70 70 70 70 80 0 0 0
MR ctymarkb 16 0 0 70 70 70 70 80 80 80 70 76 70 70 76 76 76 76 76 76 70 70 70 70 70 80 0 0 0
MR ctymarkb 17 0 0 70 70 70 70 0 0 0 70 76 70 70 70 76 76 76 76 76 70 70 70 70 70 80 0 0 0
MR ctymarkb 18 0 0 70 70 70 70 70 70 81 70 76 70 70 70 70 82 82 82 82 82 82 82 78 70 80 0 0 0
MR ctymarkb 19 0 0 0 70 70 70 70 70 81 70 76 70 70 70 70 80 70 70 70 70 70 70 70 70 80 0 0 0
MR ctymarkb 20 0 0 0 70 80 70 70 70 81 0 76 76 82 82 0 79 70 70 70 79 79 79 70 70 80 0 0 0
MR ctymarkb 21 0 0 83 71 70 70 70 70 79 79 76 76 0 80 70 70 70 70 71 70 70 70 70 70 80 0 0 0
MR ctymarkb 22 0 0 0 74 76 76 76 76 76 76 76 76 0 80 70 70 70 70 80 70 70 70 70 70 80 0 0 0
MR ctymarkb 23 0 0 84 71 70 70 70 70 70 70 70 70 0 80 70 70 70 70 80 70 70 80 82 82 82 0 0 0
MR ctymarkb 24 0 0 78 70 70 70 70 70 70 70 70 70 70 70 70 70 70 70 80 70 70 70 70 70 80 0 0 0
MR ctymarkb 25 0 0 81 79 70 70 70 70 80 70 70 70 70 70 70 70 70 70 80 70 70 70 70 70 80 0 0 0
MR ctymarkb 26 0 0 0 80 80 80 80 80 82 70 70 70 70 70 70 70 70 70 80 70 70 70 70 70 80 0 0 0
MR ctymarkb 27 0 0 0 0 0 0 0 0 82 79 79 79 79 70 79 79 79 79 80 79 79 79 79 79 80 0 0 0
MR ctymarkb 28 0 0 0 0 0 0 0 0 0 0 0 0 0 0 0 0 0 0 0 0 0 0 0 0 0 0 0 0
MR ctymarkb 29 0 0 0 0 0 0 0 0 0 0 0 0 0 0 0 0 0 0 0 0 0 0 0 0 0 0 0 0
MSEND ctymarkb 529
MS ctypal -3 21 30 54
MR ctypal 0 0 0 0 0 0 0 0 0 0 0 0 0 0 0 0 0 0 0 0 0 0 0 0 0 0 0 0 0 0 0
MR ctypal 1 0 0 0 0 0 0 0 0 0 0 0 0 0 0 0 0 0 0 0 0 0 0 0 0 0 0 0 0 0 0
MR ctypal 2 0 0 0 0 0 0 74 74 74 74 74 74 77 71 71 71 71 77 74 74 74 74 74 0 0 0 0 0 0 0
MR ctypal 3 0 0 0 0 0 89 74 74 74 74 74 74 77 73 73 73 73 77 74 74 74 74 74 0 75 0 0 0 0 0
MR ctypal 4 0 0 0 74 74 74 74 73 73 73 73 74 77 74 74 74 74 77 73 73 73 74 74 74 74 74 74 0 0 0
MR ctypal 5 0 0 0 74 74 74 74 73 73 73 73 74 74 74 74 74 74 74 73 73 73 74 74 74 74 74 74 0 0 0
MR ctypal 6 0 0 0 74 74 74 74 73 73 73 73 74 74 74 74 74 74 74 73 73 73 74 74 74 74 74 74 0 0 0
MR ctypal 7 0 0 0 74 74 87 0 74 73 73 73 74 74 74 74 74 74 74 74 73 73 74 74 0 87 74 74 0 0 0
MR ctypal 8 0 0 0 74 74 74 0 0 73 87 76 76 76 76 74 87 74 74 87 73 87 74 0 0 74 74 74 0 0 0
MR ctypal 9 0 0 0 73 73 73 73 0 0 0 0 0 0 0 0 0 0 0 0 0 0 0 0 73 73 73 73 0 0 0
MR ctypal 10 0 0 0 74 73 73 73 0 0 0 0 0 0 0 0 0 0 0 0 0 0 0 0 73 73 73 74 0 0 0
MR ctypal 11 0 0 0 76 73 73 74 0 0 0 0 0 0 0 0 0 0 0 0 0 0 0 0 74 73 73 76 0 0 0
MR ctypal 12 0 0 0 76 73 73 76 0 0 0 0 0 0 0 0 0 0 0 0 0 0 0 0 76 73 73 76 0 0 0
MR ctypal 13 0 0 0 76 73 73 76 0 0 0 0 0 0 0 0 0 0 0 0 0 0 0 0 76 73 73 76 0 0 0
MR ctypal 14 0 0 0 76 73 73 76 0 0 0 0 0 0 0 0 0 0 0 0 0 0 0 0 76 73 73 76 0 0 0
MR ctypal 15 0 0 0 76 73 73 76 0 0 0 0 0 0 0 0 0 0 0 0 0 0 0 0 76 74 74 76 0 0 0
MR ctypal 16 0 0 0 76 74 74 76 0 0 0 0 0 0 0 0 0 0 0 0 0 0 0 0 76 74 74 76 0 0 0
MR ctypal 17 0 0 0 76 74 74 76 0 0 0 0 0 0 0 0 0 0 0 0 0 0 0 0 76 74 74 76 0 0 0
MR ctypal 18 0 0 0 76 74 74 76 0 0 0 0 0 0 0 0 0 0 0 0 0 0 0 0 76 74 74 76 0 0 0
MR ctypal 19 0 0 73 74 73 73 76 0 0 0 0 0 0 0 0 0 0 0 0 0 0 0 0 76 73 73 74 73 0 0
MR ctypal 20 0 0 73 73 73 73 76 0 0 0 0 0 0 0 0 0 0 0 0 0 0 0 0 76 73 73 73 73 0 0
MR ctypal 21 0 0 73 73 73 73 74 0 0 0 0 0 0 0 0 0 0 0 0 0 0 0 0 74 73 73 73 73 0 0
MR ctypal 22 0 0 74 74 74 74 74 0 0 0 0 0 0 0 0 0 0 0 0 0 0 0 0 74 74 74 74 74 0 0
MR ctypal 23 0 0 74 74 74 74 74 0 0 0 0 0 0 75 75 75 75 0 0 0 0 0 0 74 74 74 74 74 0 0
MR ctypal 24 0 0 74 74 74 74 74 74 87 87 87 83 89 75 75 75 75 89 83 87 87 87 74 74 74 74 74 74 0 0
MR ctypal 25 0 0 0 74 74 87 74 74 74 74 73 73 70 73 73 73 73 70 73 73 74 74 74 74 87 74 74 0 0 0
MR ctypal 26 0 0 82 74 74 74 74 74 74 74 73 71 69 69 69 69 69 69 71 73 74 74 74 73 73 73 73 0 0 0
MR ctypal 27 0 0 0 74 74 74 74 74 74 74 74 71 69 69 69 69 70 70 71 74 73 73 73 73 73 73 73 0 0 0
MR ctypal 28 0 0 0 74 74 74 74 74 74 74 74 71 70 70 70 70 70 70 71 74 73 73 73 73 73 73 73 0 0 0
MR ctypal 29 0 0 0 77 77 77 77 77 77 77 77 70 70 70 70 70 70 70 70 77 77 77 77 77 77 77 77 0 0 0
MR ctypal 30 0 0 0 0 0 0 0 0 0 0 0 69 69 70 70 70 70 70 70 0 0 0 0 0 0 0 0 0 0 0
MR ctypal 31 0 0 0 0 0 0 0 69 70 70 70 69 70 70 70 70 70 70 70 70 69 0 0 0 0 0 0 0 0 0
MR ctypal 32 0 0 0 0 0 0 0 69 70 70 70 69 70 70 70 70 70 70 70 70 82 69 69 0 0 0 0 0 0 0
MR ctypal 33 0 0 0 0 0 0 0 70 70 69 69 69 69 69 69 69 69 69 69 69 69 69 69 0 0 0 0 0 0 0
MR ctypal 34 0 0 0 0 0 0 0 70 70 69 69 69 69 69 69 69 69 69 69 69 69 69 69 0 0 0 0 0 0 0
MR ctypal 35 0 0 0 0 0 0 0 70 70 69 69 69 69 69 69 69 69 69 69 69 69 69 69 0 0 0 0 0 0 0
MR ctypal 36 0 0 0 0 0 0 0 69 69 69 70 76 71 70 70 70 70 71 76 70 69 69 69 0 0 0 0 0 0 0
MR ctypal 37 0 0 0 0 0 0 0 69 69 69 71 76 69 69 70 70 69 69 76 71 69 69 69 0 0 0 0 0 0 0
MR ctypal 38 0 0 0 0 0 0 0 69 69 69 69 69 69 0 70 70 0 69 69 69 69 69 69 0 0 0 0 0 0 0
MR ctypal 39 0 0 0 0 0 0 0 70 69 69 69 69 0 0 70 70 0 0 69 69 69 69 69 0 0 0 0 0 0 0
MR ctypal 40 0 0 0 0 0 0 0 69 69 69 69 0 0 0 0 0 0 0 0 69 69 69 69 0 0 0 0 0 0 0
MR ctypal 41 0 0 0 0 0 0 0 70 69 69 69 69 0 0 0 0 0 0 69 69 69 69 69 0 0 0 0 0 0 0
MR ctypal 42 0 0 0 0 0 0 0 70 70 69 69 69 0 0 0 0 0 0 69 69 69 69 70 0 0 0 0 0 0 0
MR ctypal 43 0 0 0 0 0 0 0 70 70 69 71 76 69 69 0 0 69 69 76 71 69 69 69 0 0 0 0 0 0 0
MR ctypal 44 0 0 0 0 0 0 0 70 70 69 70 76 71 69 72 72 69 71 76 70 69 69 69 0 0 0 0 0 0 0
MR ctypal 45 0 0 0 0 0 0 0 70 69 69 70 69 69 69 69 69 69 69 69 70 69 69 69 0 0 0 0 0 0 0
MR ctypal 46 0 0 0 0 0 0 0 70 69 69 69 69 69 69 69 69 69 69 69 69 69 69 69 0 0 0 0 0 0 0
MR ctypal 47 0 0 0 0 0 0 0 69 69 69 69 70 70 70 69 69 69 69 69 69 69 69 69 0 0 0 0 0 0 0
MR ctypal 48 0 0 0 0 0 0 0 69 69 69 69 70 70 70 69 69 69 69 69 69 69 69 69 0 0 0 0 0 0 0
MR ctypal 49 0 0 0 0 0 0 0 0 69 69 69 70 70 70 69 69 69 90 69 0 0 0 0 0 0 0 0 0 0 0
MR ctypal 50 0 0 0 0 0 0 0 0 0 0 73 73 70 70 69 69 69 69 69 0 0 0 0 0 0 0 0 0 0 0
MR ctypal 51 0 0 0 0 0 0 0 0 0 0 0 0 0 0 0 0 0 0 0 70 0 0 0 0 0 0 0 0 0 0
MR ctypal 52 0 0 0 0 0 0 0 0 0 0 0 0 0 0 0 0 0 0 0 0 0 0 0 0 0 0 0 0 0 0
MR ctypal 53 0 0 0 0 0 0 0 0 0 0 0 0 0 0 0 0 0 0 0 0 0 0 0 0 0 0 0 0 0 0
MSEND ctypal 718
MS stadium -21 -51 49 30
MR stadium 0 0 0 0 0 0 0 0 0 0 0 0 0 0 0 0 0 0 0 0 0 0 0 0 0 0 0 0 0 0 0 0 0 0 0 0 0 0 0 0 0 0 0 0 0 0 0 0 0 0
MR stadium 1 0 0 0 0 0 0 0 0 0 0 0 0 0 0 0 0 0 0 0 0 0 0 0 0 0 0 0 0 0 0 0 0 0 0 0 0 0 0 0 0 0 0 0 0 0 0 0 0 0
MR stadium 2 0 0 0 0 0 0 0 0 0 0 0 0 0 0 0 0 0 0 0 0 0 76 76 0 0 0 0 0 0 0 71 71 71 0 0 0 0 0 0 0 84 0 69 0 0 0 0 0 0
MR stadium 3 0 0 0 0 0 0 0 0 0 0 0 0 0 0 0 0 0 0 0 0 0 90 90 0 0 0 79 0 0 71 71 71 71 71 71 71 71 71 71 84 69 69 69 69 0 0 0 0 0
MR stadium 4 0 0 0 0 0 0 0 0 0 0 0 0 0 0 0 0 0 0 0 0 0 0 86 84 0 0 90 80 84 71 71 71 71 66 63 63 64 67 67 71 0 69 69 69 0 0 0 0 0
MR stadium 5 0 0 0 0 0 0 0 0 0 0 0 0 0 0 0 0 0 0 0 0 0 0 72 72 72 72 72 0 88 74 71 71 69 64 63 63 64 64 64 64 64 69 69 69 69 0 0 0 0
MR stadium 6 0 0 0 0 0 0 0 0 0 0 0 0 0 0 0 0 0 0 0 0 0 0 0 72 72 72 71 71 72 91 81 71 70 67 64 63 63 63 63 63 71 71 69 69 69 0 0 0 0
MR stadium 7 0 0 0 0 0 0 0 0 72 72 0 72 72 0 72 0 72 72 0 72 0 72 72 0 72 72 72 71 71 0 71 71 71 70 66 63 63 63 63 63 63 64 67 69 69 69 0 0 0
MR stadium 8 0 0 0 0 0 0 0 72 0 0 0 0 0 0 0 0 0 0 0 0 0 0 0 0 0 0 72 72 71 71 71 71 71 71 68 65 64 63 63 63 63 63 66 69 69 69 0 0 0
MR stadium 9 0 0 0 0 0 0 0 0 0 0 0 0 0 0 0 0 0 0 0 0 0 0 0 0 0 0 0 0 72 71 71 71 71 71 70 70 64 63 63 63 63 63 65 68 69 71 0 0 0
MR stadium 10 0 0 0 0 0 72 0 0 0 0 0 0 0 0 0 0 0 0 0 0 0 0 0 0 0 0 0 0 72 72 72 71 71 71 71 68 63 63 63 64 63 63 71 71 71 0 0 0 0
MR stadium 11 0 0 0 0 72 0 0 0 0 0 0 0 0 0 0 0 0 0 0 0 0 0 0 0 0 0 0 0 0 72 71 71 71 71 71 68 65 63 63 67 65 63 63 65 0 0 0 0 0
MR stadium 12 0 0 0 0 72 0 0 0 0 0 0 0 0 0 0 0 0 0 0 0 0 0 0 0 0 0 0 0 0 72 72 71 71 71 71 70 66 63 63 64 63 63 64 65 65 0 0 0 0
MR stadium 13 0 0 0 0 0 0 0 0 0 0 0 0 0 0 0 0 0 0 0 0 0 0 0 0 0 0 0 0 0 0 72 71 71 71 71 70 66 63 63 63 63 63 64 65 0 0 0 0 0
MR stadium 14 0 0 0 0 72 0 0 0 0 0 0 0 0 0 0 0 0 0 0 0 0 0 0 0 0 0 0 0 0 72 0 71 71 72 72 70 67 64 63 63 63 63 64 65 0 0 0 0 0
MR stadium 15 0 0 0 0 72 0 0 0 0 0 0 0 0 0 0 0 0 0 0 0 0 0 0 0 0 0 0 0 0 72 0 71 71 72 72 70 67 64 63 63 63 63 64 65 0 0 0 0 0
MR stadium 16 0 0 0 0 0 0 0 0 0 0 0 0 0 0 0 0 0 0 0 0 0 0 0 0 0 0 0 0 0 0 72 71 71 71 71 70 66 63 63 63 63 63 64 65 0 0 0 0 0
MR stadium 17 0 0 0 0 72 0 0 0 0 0 0 0 0 0 0 0 0 0 0 0 0 0 0 0 0 0 0 0 0 72 72 71 71 71 71 70 66 63 63 64 63 63 64 65 65 0 0 0 0
MR stadium 18 0 0 0 0 72 0 0 0 0 0 0 0 0 0 0 0 0 0 0 0 0 0 0 0 0 0 0 0 0 72 71 71 71 71 71 68 65 63 63 67 65 63 63 65 0 0 0 0 0
MR stadium 19 0 0 0 0 0 72 0 0 0 0 0 0 0 0 0 0 0 0 0 0 0 0 0 0 0 0 0 0 72 72 71 71 71 71 71 68 63 63 63 64 63 63 71 71 71 0 0 0 0
MR stadium 20 0 0 0 0 0 0 0 0 0 0 0 0 0 0 0 0 0 0 0 0 0 0 0 0 0 0 0 0 72 71 71 71 71 71 70 70 64 63 63 63 63 63 65 68 69 71 0 0 0
MR stadium 21 0 0 0 0 0 0 0 72 0 0 0 0 0 0 0 0 0 0 0 0 0 0 0 0 0 0 72 72 71 71 71 71 71 71 68 65 64 63 63 63 63 63 66 69 69 69 0 0 0
MR stadium 22 0 0 0 0 0 0 0 0 72 72 0 72 72 0 72 0 72 72 0 72 0 72 72 0 72 72 72 71 71 0 71 71 71 70 66 63 63 63 63 63 63 64 67 69 69 69 0 0 0
MR stadium 23 0 0 0 0 0 0 0 0 0 0 0 0 0 0 0 0 0 0 0 0 0 0 0 72 72 71 71 71 72 91 81 71 70 67 64 63 63 63 63 63 71 71 69 69 69 0 0 0 0
MR stadium 24 0 0 0 0 0 0 0 0 0 0 0 0 0 0 0 0 0 0 0 0 0 0 71 71 71 71 72 0 88 74 71 71 69 64 63 63 64 64 64 64 64 69 69 69 69 0 0 0 0
MR stadium 25 0 0 0 0 0 0 0 0 0 0 0 0 0 0 0 0 0 0 0 0 0 0 86 85 0 0 90 79 84 71 71 71 71 65 63 63 64 67 67 71 0 69 69 69 0 0 0 0 0
MR stadium 26 0 0 0 0 0 0 0 0 0 0 0 0 0 0 0 0 0 0 0 0 0 0 0 0 0 0 79 0 0 71 71 71 71 71 71 71 71 71 71 83 69 69 69 69 0 0 0 0 0
MR stadium 27 0 0 0 0 0 0 0 0 0 0 0 0 0 0 0 0 0 0 0 0 0 0 0 0 0 0 0 0 0 0 71 71 71 0 0 0 0 0 0 0 84 70 70 70 0 0 0 0 0
MR stadium 28 0 0 0 0 0 0 0 0 0 0 0 0 0 0 0 0 0 0 0 0 0 0 0 0 0 0 0 0 0 0 0 0 0 0 0 0 0 0 0 0 0 0 0 0 0 0 0 0 0
MR stadium 29 0 0 0 0 0 0 0 0 0 0 0 0 0 0 0 0 0 0 0 0 0 0 0 0 0 0 0 0 0 0 0 0 0 0 0 0 0 0 0 0 0 0 0 0 0 0 0 0 0
MSEND stadium 474
